100
-224
-218
-215
-212
-211
-204
-202
-199
-196
-192
-191
-190
-189
-188
-187
-185
-179
-171
-170
-169
-162
-151
-148
-143
-129
-121
-120
-116
-115
-108
-96
-93
-92
-88
-82
-74
-62
-52
-49
-45
-34
-27
-26
-25
-21
-20
-19
-15
-4
-3
4
5
7
14
18
19
21
23
24
25
26
28
47
48
67
70
71
76
79
86
87
100
105
108
109
110
117
121
123
128
132
151
155
169
174
175
176
181
194
196
197
205
207
209
216
220
226
228
242
244
