10000
-24995
-24983
-24982
-24981
-24980
-24979
-24968
-24959
-24950
-24945
-24932
-24931
-24926
-24925
-24922
-24916
-24910
-24908
-24904
-24900
-24896
-24894
-24893
-24890
-24881
-24880
-24874
-24869
-24868
-24863
-24860
-24858
-24852
-24850
-24848
-24841
-24830
-24829
-24824
-24822
-24821
-24813
-24806
-24800
-24797
-24788
-24781
-24767
-24762
-24759
-24758
-24753
-24749
-24747
-24746
-24739
-24727
-24721
-24719
-24717
-24710
-24706
-24705
-24702
-24695
-24690
-24680
-24675
-24671
-24670
-24667
-24664
-24660
-24659
-24655
-24648
-24646
-24636
-24628
-24627
-24625
-24612
-24610
-24606
-24584
-24581
-24580
-24575
-24570
-24568
-24567
-24565
-24564
-24560
-24549
-24543
-24542
-24537
-24536
-24532
-24528
-24527
-24526
-24521
-24519
-24518
-24517
-24513
-24512
-24497
-24490
-24489
-24455
-24454
-24450
-24448
-24447
-24444
-24438
-24436
-24430
-24428
-24427
-24425
-24422
-24415
-24411
-24408
-24407
-24405
-24403
-24400
-24399
-24398
-24394
-24382
-24373
-24368
-24365
-24361
-24356
-24342
-24338
-24335
-24327
-24325
-24316
-24315
-24308
-24301
-24293
-24287
-24284
-24283
-24281
-24279
-24278
-24271
-24267
-24258
-24255
-24250
-24248
-24242
-24239
-24235
-24231
-24222
-24221
-24213
-24208
-24202
-24199
-24197
-24194
-24186
-24182
-24174
-24169
-24157
-24155
-24152
-24138
-24137
-24132
-24130
-24123
-24118
-24113
-24103
-24089
-24088
-24085
-24083
-24077
-24070
-24068
-24063
-24062
-24059
-24058
-24055
-24051
-24049
-24041
-24035
-24034
-24033
-24030
-24029
-24026
-24023
-24022
-24019
-24015
-24010
-24003
-24002
-23995
-23993
-23982
-23977
-23974
-23964
-23960
-23941
-23933
-23919
-23918
-23917
-23916
-23913
-23909
-23907
-23896
-23892
-23884
-23878
-23867
-23861
-23860
-23855
-23844
-23839
-23834
-23827
-23822
-23812
-23811
-23807
-23805
-23804
-23795
-23785
-23771
-23770
-23769
-23760
-23749
-23742
-23740
-23730
-23727
-23722
-23719
-23713
-23711
-23709
-23696
-23678
-23677
-23674
-23670
-23669
-23664
-23661
-23657
-23654
-23648
-23645
-23643
-23636
-23631
-23630
-23626
-23620
-23603
-23601
-23599
-23597
-23593
-23590
-23589
-23584
-23577
-23576
-23565
-23564
-23547
-23545
-23542
-23541
-23539
-23528
-23526
-23524
-23522
-23521
-23517
-23514
-23513
-23509
-23507
-23502
-23500
-23499
-23497
-23488
-23484
-23481
-23478
-23475
-23474
-23469
-23464
-23457
-23446
-23445
-23441
-23435
-23432
-23423
-23422
-23417
-23410
-23407
-23406
-23405
-23400
-23399
-23393
-23389
-23384
-23377
-23374
-23369
-23367
-23366
-23365
-23350
-23335
-23333
-23330
-23328
-23320
-23314
-23313
-23312
-23305
-23297
-23294
-23277
-23266
-23259
-23258
-23254
-23253
-23246
-23240
-23236
-23233
-23229
-23224
-23216
-23214
-23205
-23199
-23197
-23196
-23192
-23182
-23180
-23177
-23176
-23167
-23164
-23159
-23156
-23148
-23145
-23144
-23142
-23140
-23136
-23132
-23130
-23126
-23121
-23113
-23112
-23109
-23107
-23106
-23101
-23097
-23096
-23095
-23083
-23082
-23081
-23078
-23076
-23064
-23053
-23048
-23037
-23036
-23034
-23022
-23021
-23019
-23018
-23014
-23012
-23008
-23006
-23005
-22997
-22989
-22984
-22971
-22969
-22956
-22943
-22942
-22940
-22933
-22925
-22912
-22902
-22893
-22892
-22888
-22879
-22878
-22873
-22870
-22866
-22861
-22860
-22854
-22852
-22851
-22829
-22826
-22824
-22820
-22815
-22792
-22788
-22787
-22786
-22776
-22772
-22770
-22762
-22757
-22753
-22749
-22742
-22737
-22736
-22723
-22714
-22711
-22710
-22708
-22691
-22689
-22687
-22686
-22685
-22666
-22665
-22663
-22654
-22647
-22646
-22636
-22632
-22628
-22625
-22622
-22615
-22611
-22602
-22601
-22598
-22594
-22578
-22577
-22568
-22559
-22555
-22551
-22547
-22544
-22542
-22539
-22537
-22534
-22524
-22523
-22518
-22517
-22513
-22505
-22504
-22501
-22494
-22491
-22490
-22483
-22480
-22474
-22466
-22464
-22442
-22440
-22439
-22412
-22409
-22401
-22400
-22399
-22389
-22383
-22375
-22372
-22371
-22370
-22369
-22360
-22359
-22347
-22346
-22344
-22342
-22337
-22335
-22321
-22310
-22298
-22290
-22282
-22277
-22273
-22269
-22268
-22267
-22264
-22263
-22253
-22235
-22227
-22217
-22211
-22205
-22192
-22191
-22190
-22186
-22184
-22183
-22168
-22161
-22149
-22147
-22145
-22142
-22140
-22136
-22132
-22126
-22123
-22120
-22117
-22115
-22107
-22106
-22105
-22104
-22097
-22096
-22090
-22089
-22085
-22084
-22077
-22076
-22071
-22064
-22059
-22051
-22047
-22033
-22029
-22027
-22022
-22016
-22009
-22008
-21999
-21990
-21989
-21986
-21983
-21979
-21973
-21967
-21959
-21955
-21954
-21953
-21947
-21945
-21944
-21943
-21941
-21935
-21933
-21928
-21925
-21922
-21918
-21916
-21909
-21904
-21900
-21894
-21891
-21889
-21888
-21884
-21882
-21879
-21875
-21872
-21867
-21860
-21855
-21851
-21850
-21845
-21844
-21842
-21835
-21822
-21821
-21812
-21810
-21807
-21806
-21799
-21795
-21774
-21770
-21769
-21751
-21743
-21740
-21737
-21735
-21733
-21729
-21715
-21713
-21711
-21703
-21702
-21699
-21697
-21696
-21689
-21687
-21679
-21672
-21669
-21660
-21656
-21653
-21650
-21639
-21627
-21625
-21623
-21613
-21611
-21610
-21608
-21602
-21586
-21584
-21583
-21580
-21578
-21576
-21573
-21560
-21558
-21555
-21551
-21537
-21533
-21526
-21515
-21513
-21510
-21504
-21501
-21499
-21492
-21483
-21482
-21472
-21456
-21455
-21445
-21435
-21425
-21414
-21407
-21405
-21403
-21401
-21399
-21396
-21393
-21390
-21389
-21388
-21378
-21377
-21376
-21361
-21358
-21346
-21341
-21337
-21330
-21326
-21324
-21315
-21312
-21300
-21297
-21293
-21269
-21267
-21253
-21252
-21243
-21241
-21239
-21237
-21230
-21224
-21221
-21218
-21211
-21203
-21200
-21199
-21191
-21190
-21187
-21180
-21177
-21171
-21162
-21160
-21151
-21150
-21144
-21142
-21139
-21138
-21134
-21131
-21119
-21117
-21116
-21107
-21104
-21102
-21098
-21096
-21091
-21090
-21088
-21086
-21074
-21055
-21052
-21033
-21018
-21011
-21009
-20996
-20988
-20987
-20979
-20970
-20962
-20952
-20947
-20945
-20944
-20941
-20938
-20935
-20934
-20930
-20926
-20918
-20914
-20912
-20910
-20905
-20897
-20895
-20891
-20884
-20881
-20877
-20864
-20852
-20847
-20837
-20833
-20832
-20830
-20820
-20819
-20815
-20813
-20812
-20807
-20802
-20801
-20796
-20792
-20785
-20777
-20776
-20771
-20770
-20769
-20767
-20764
-20754
-20750
-20749
-20739
-20736
-20727
-20726
-20725
-20717
-20712
-20711
-20709
-20708
-20706
-20692
-20689
-20687
-20685
-20682
-20677
-20669
-20665
-20662
-20660
-20655
-20654
-20652
-20651
-20646
-20640
-20634
-20632
-20619
-20606
-20605
-20600
-20596
-20595
-20592
-20590
-20580
-20576
-20565
-20564
-20560
-20559
-20558
-20557
-20539
-20537
-20536
-20520
-20517
-20510
-20509
-20507
-20505
-20503
-20494
-20493
-20488
-20484
-20482
-20480
-20479
-20470
-20468
-20467
-20459
-20454
-20450
-20441
-20438
-20434
-20430
-20423
-20420
-20419
-20411
-20409
-20407
-20403
-20391
-20388
-20387
-20386
-20383
-20381
-20380
-20375
-20371
-20370
-20368
-20365
-20363
-20358
-20342
-20335
-20329
-20327
-20326
-20319
-20317
-20313
-20312
-20308
-20304
-20301
-20297
-20279
-20276
-20275
-20274
-20271
-20269
-20268
-20254
-20243
-20241
-20239
-20238
-20234
-20231
-20225
-20220
-20216
-20210
-20208
-20205
-20204
-20201
-20197
-20196
-20188
-20187
-20180
-20166
-20165
-20157
-20154
-20153
-20152
-20150
-20143
-20140
-20139
-20120
-20102
-20088
-20082
-20078
-20075
-20069
-20066
-20057
-20051
-20037
-20036
-20033
-20028
-20021
-20013
-20011
-20009
-20008
-20001
-19986
-19984
-19983
-19975
-19973
-19971
-19963
-19959
-19958
-19957
-19956
-19953
-19952
-19934
-19933
-19931
-19929
-19917
-19915
-19911
-19909
-19907
-19900
-19898
-19893
-19891
-19886
-19871
-19868
-19863
-19850
-19849
-19823
-19821
-19817
-19815
-19814
-19806
-19797
-19795
-19791
-19788
-19787
-19784
-19782
-19769
-19750
-19741
-19739
-19738
-19737
-19715
-19706
-19704
-19703
-19698
-19693
-19690
-19687
-19685
-19681
-19671
-19668
-19661
-19658
-19657
-19656
-19654
-19644
-19641
-19632
-19630
-19628
-19620
-19606
-19603
-19600
-19597
-19588
-19580
-19578
-19577
-19575
-19572
-19569
-19565
-19563
-19562
-19558
-19554
-19552
-19551
-19547
-19545
-19543
-19538
-19533
-19530
-19525
-19513
-19512
-19511
-19509
-19504
-19490
-19487
-19475
-19471
-19468
-19462
-19459
-19449
-19447
-19442
-19435
-19413
-19409
-19407
-19406
-19404
-19399
-19397
-19389
-19386
-19381
-19378
-19374
-19371
-19370
-19368
-19361
-19359
-19355
-19350
-19342
-19338
-19332
-19331
-19323
-19321
-19313
-19306
-19289
-19285
-19282
-19278
-19277
-19275
-19270
-19268
-19260
-19259
-19257
-19244
-19241
-19240
-19238
-19231
-19226
-19224
-19218
-19212
-19207
-19199
-19176
-19174
-19159
-19158
-19153
-19142
-19140
-19139
-19138
-19134
-19132
-19130
-19118
-19112
-19111
-19110
-19107
-19104
-19100
-19094
-19089
-19088
-19085
-19074
-19069
-19068
-19066
-19060
-19053
-19051
-19048
-19044
-19041
-19039
-19036
-19029
-19014
-19001
-18995
-18994
-18993
-18982
-18981
-18978
-18965
-18961
-18954
-18949
-18943
-18938
-18937
-18933
-18932
-18922
-18903
-18902
-18895
-18889
-18884
-18882
-18881
-18879
-18869
-18852
-18849
-18838
-18836
-18831
-18829
-18828
-18823
-18820
-18817
-18816
-18812
-18810
-18806
-18786
-18783
-18777
-18774
-18770
-18769
-18752
-18751
-18743
-18740
-18735
-18733
-18731
-18728
-18725
-18724
-18713
-18710
-18702
-18699
-18697
-18688
-18685
-18684
-18682
-18677
-18676
-18670
-18666
-18660
-18659
-18652
-18639
-18633
-18632
-18629
-18628
-18627
-18621
-18613
-18604
-18601
-18600
-18597
-18592
-18588
-18584
-18581
-18573
-18571
-18569
-18568
-18566
-18563
-18558
-18542
-18540
-18539
-18528
-18524
-18517
-18498
-18497
-18494
-18493
-18488
-18486
-18482
-18480
-18479
-18473
-18468
-18465
-18459
-18437
-18432
-18429
-18427
-18425
-18420
-18410
-18407
-18404
-18403
-18401
-18395
-18393
-18391
-18382
-18381
-18377
-18375
-18374
-18365
-18363
-18359
-18346
-18342
-18334
-18323
-18320
-18315
-18311
-18307
-18306
-18295
-18294
-18291
-18287
-18286
-18282
-18281
-18274
-18268
-18265
-18264
-18257
-18248
-18246
-18239
-18238
-18232
-18226
-18217
-18214
-18211
-18209
-18206
-18204
-18203
-18193
-18192
-18191
-18189
-18179
-18154
-18153
-18142
-18141
-18125
-18114
-18113
-18112
-18109
-18098
-18079
-18074
-18047
-18042
-18041
-18038
-18036
-18034
-18028
-18022
-18019
-18018
-18017
-18011
-18006
-18004
-17976
-17974
-17972
-17967
-17964
-17963
-17962
-17960
-17956
-17954
-17942
-17941
-17932
-17931
-17922
-17920
-17919
-17915
-17912
-17908
-17902
-17901
-17892
-17890
-17888
-17886
-17884
-17876
-17874
-17860
-17850
-17849
-17844
-17839
-17825
-17820
-17819
-17818
-17815
-17809
-17800
-17792
-17789
-17773
-17769
-17767
-17756
-17755
-17749
-17746
-17745
-17744
-17741
-17733
-17732
-17727
-17726
-17721
-17719
-17716
-17713
-17711
-17709
-17706
-17698
-17697
-17696
-17690
-17682
-17681
-17680
-17674
-17673
-17672
-17665
-17663
-17659
-17658
-17654
-17653
-17652
-17641
-17631
-17626
-17625
-17621
-17619
-17607
-17604
-17601
-17600
-17597
-17595
-17592
-17588
-17581
-17567
-17562
-17561
-17557
-17555
-17554
-17551
-17546
-17541
-17540
-17538
-17520
-17519
-17517
-17514
-17509
-17506
-17503
-17500
-17499
-17496
-17492
-17489
-17475
-17473
-17467
-17455
-17453
-17450
-17449
-17446
-17433
-17429
-17425
-17423
-17415
-17404
-17403
-17397
-17391
-17387
-17386
-17382
-17375
-17374
-17373
-17356
-17355
-17354
-17352
-17344
-17343
-17340
-17339
-17325
-17322
-17319
-17312
-17310
-17303
-17301
-17295
-17293
-17291
-17289
-17288
-17266
-17262
-17254
-17250
-17245
-17243
-17238
-17225
-17224
-17212
-17209
-17207
-17201
-17200
-17191
-17186
-17184
-17182
-17180
-17179
-17177
-17174
-17169
-17168
-17162
-17155
-17152
-17150
-17147
-17146
-17143
-17139
-17129
-17128
-17120
-17112
-17105
-17100
-17096
-17094
-17085
-17077
-17073
-17069
-17061
-17060
-17056
-17047
-17042
-17041
-17036
-17035
-17034
-17026
-17020
-17019
-17018
-17014
-17011
-17009
-17002
-16991
-16990
-16986
-16980
-16979
-16976
-16970
-16969
-16968
-16964
-16963
-16940
-16935
-16933
-16924
-16923
-16918
-16917
-16916
-16908
-16902
-16899
-16898
-16891
-16874
-16872
-16871
-16868
-16865
-16862
-16857
-16856
-16853
-16851
-16850
-16849
-16843
-16842
-16839
-16837
-16834
-16829
-16828
-16825
-16823
-16822
-16819
-16813
-16808
-16805
-16803
-16802
-16796
-16794
-16776
-16774
-16772
-16767
-16761
-16751
-16743
-16736
-16729
-16728
-16726
-16694
-16692
-16688
-16685
-16684
-16679
-16678
-16676
-16668
-16666
-16662
-16661
-16655
-16646
-16630
-16616
-16609
-16608
-16603
-16597
-16591
-16589
-16578
-16574
-16554
-16550
-16544
-16537
-16531
-16529
-16528
-16523
-16522
-16505
-16504
-16502
-16501
-16494
-16488
-16487
-16485
-16483
-16478
-16474
-16467
-16462
-16460
-16445
-16442
-16440
-16435
-16433
-16428
-16412
-16410
-16406
-16402
-16396
-16391
-16390
-16387
-16382
-16379
-16378
-16374
-16373
-16362
-16359
-16354
-16351
-16350
-16338
-16336
-16330
-16322
-16320
-16319
-16312
-16310
-16307
-16306
-16290
-16286
-16285
-16284
-16275
-16272
-16271
-16270
-16269
-16268
-16265
-16262
-16258
-16254
-16253
-16252
-16251
-16250
-16247
-16242
-16241
-16239
-16237
-16233
-16228
-16227
-16226
-16225
-16223
-16220
-16215
-16212
-16209
-16206
-16205
-16199
-16194
-16190
-16188
-16187
-16186
-16185
-16181
-16178
-16175
-16169
-16166
-16149
-16148
-16137
-16135
-16134
-16123
-16118
-16115
-16101
-16088
-16084
-16069
-16064
-16059
-16058
-16054
-16048
-16041
-16038
-16023
-16021
-16013
-16012
-16011
-16010
-16009
-16003
-16001
-15997
-15988
-15985
-15984
-15980
-15975
-15967
-15952
-15949
-15941
-15935
-15926
-15916
-15913
-15911
-15909
-15888
-15886
-15885
-15874
-15872
-15867
-15866
-15865
-15856
-15849
-15848
-15845
-15839
-15838
-15834
-15833
-15831
-15830
-15816
-15814
-15812
-15794
-15789
-15761
-15758
-15746
-15744
-15743
-15736
-15728
-15727
-15719
-15716
-15714
-15713
-15709
-15708
-15707
-15705
-15702
-15700
-15699
-15698
-15695
-15694
-15681
-15676
-15675
-15674
-15672
-15654
-15649
-15645
-15639
-15638
-15627
-15625
-15622
-15614
-15608
-15607
-15605
-15599
-15597
-15587
-15582
-15569
-15565
-15564
-15563
-15551
-15545
-15531
-15528
-15518
-15517
-15513
-15509
-15503
-15494
-15484
-15475
-15472
-15458
-15451
-15445
-15441
-15437
-15434
-15428
-15424
-15421
-15410
-15393
-15391
-15389
-15388
-15386
-15381
-15380
-15375
-15368
-15342
-15341
-15338
-15337
-15331
-15329
-15327
-15321
-15309
-15291
-15290
-15286
-15285
-15277
-15275
-15272
-15270
-15265
-15264
-15261
-15260
-15257
-15256
-15251
-15249
-15248
-15247
-15239
-15238
-15236
-15230
-15228
-15227
-15226
-15224
-15218
-15208
-15204
-15203
-15185
-15179
-15178
-15172
-15168
-15165
-15164
-15162
-15153
-15146
-15131
-15129
-15127
-15121
-15114
-15112
-15111
-15110
-15109
-15102
-15099
-15091
-15081
-15079
-15076
-15075
-15072
-15065
-15062
-15041
-15032
-15022
-15018
-15013
-14998
-14996
-14987
-14968
-14958
-14944
-14939
-14935
-14931
-14924
-14923
-14920
-14915
-14909
-14900
-14898
-14885
-14874
-14862
-14856
-14845
-14844
-14838
-14834
-14832
-14830
-14829
-14828
-14827
-14817
-14816
-14814
-14811
-14810
-14809
-14801
-14796
-14789
-14785
-14783
-14781
-14777
-14775
-14774
-14770
-14764
-14746
-14742
-14736
-14727
-14726
-14722
-14719
-14713
-14701
-14696
-14695
-14683
-14667
-14665
-14664
-14655
-14652
-14644
-14643
-14637
-14635
-14634
-14622
-14610
-14608
-14595
-14592
-14591
-14588
-14581
-14578
-14568
-14559
-14550
-14549
-14547
-14545
-14544
-14543
-14539
-14538
-14531
-14524
-14523
-14518
-14512
-14510
-14498
-14497
-14496
-14488
-14484
-14480
-14479
-14478
-14476
-14473
-14471
-14468
-14455
-14454
-14446
-14444
-14430
-14416
-14407
-14406
-14398
-14384
-14375
-14373
-14369
-14360
-14355
-14354
-14350
-14344
-14342
-14336
-14329
-14327
-14316
-14313
-14301
-14295
-14279
-14277
-14271
-14269
-14265
-14256
-14254
-14235
-14234
-14233
-14231
-14230
-14224
-14183
-14180
-14179
-14178
-14177
-14152
-14144
-14143
-14142
-14138
-14137
-14134
-14130
-14127
-14117
-14116
-14114
-14110
-14109
-14107
-14095
-14090
-14088
-14081
-14075
-14070
-14064
-14059
-14046
-14037
-14035
-14034
-14019
-14004
-14000
-13996
-13992
-13989
-13988
-13974
-13973
-13965
-13957
-13939
-13935
-13933
-13928
-13921
-13918
-13908
-13901
-13892
-13890
-13887
-13880
-13878
-13867
-13860
-13857
-13851
-13850
-13849
-13847
-13843
-13834
-13831
-13826
-13823
-13821
-13819
-13816
-13812
-13805
-13784
-13780
-13778
-13777
-13775
-13774
-13773
-13768
-13764
-13758
-13752
-13750
-13742
-13741
-13740
-13736
-13730
-13728
-13727
-13725
-13711
-13703
-13701
-13700
-13699
-13698
-13696
-13689
-13681
-13680
-13663
-13660
-13657
-13654
-13649
-13645
-13638
-13623
-13619
-13615
-13613
-13610
-13603
-13601
-13589
-13586
-13573
-13567
-13556
-13548
-13542
-13529
-13528
-13521
-13519
-13513
-13507
-13503
-13484
-13483
-13481
-13474
-13471
-13468
-13465
-13458
-13451
-13448
-13444
-13440
-13437
-13434
-13426
-13421
-13419
-13418
-13417
-13409
-13398
-13389
-13384
-13382
-13381
-13367
-13363
-13360
-13351
-13350
-13345
-13339
-13334
-13329
-13327
-13325
-13324
-13306
-13303
-13295
-13293
-13288
-13287
-13277
-13273
-13255
-13248
-13242
-13239
-13233
-13229
-13226
-13224
-13220
-13210
-13209
-13199
-13198
-13185
-13181
-13172
-13163
-13156
-13154
-13150
-13144
-13118
-13113
-13107
-13104
-13103
-13098
-13097
-13092
-13082
-13076
-13075
-13063
-13055
-13053
-13040
-13036
-13027
-13018
-13010
-13003
-13002
-12981
-12978
-12972
-12969
-12967
-12962
-12961
-12959
-12955
-12954
-12952
-12950
-12948
-12947
-12937
-12936
-12929
-12927
-12925
-12924
-12919
-12917
-12912
-12911
-12906
-12898
-12890
-12887
-12886
-12880
-12878
-12869
-12867
-12866
-12857
-12850
-12842
-12836
-12835
-12832
-12829
-12827
-12825
-12824
-12819
-12816
-12804
-12793
-12789
-12788
-12786
-12782
-12781
-12774
-12772
-12771
-12769
-12766
-12750
-12735
-12721
-12715
-12713
-12697
-12696
-12682
-12669
-12665
-12662
-12661
-12648
-12645
-12643
-12641
-12637
-12631
-12628
-12625
-12621
-12616
-12615
-12609
-12603
-12601
-12600
-12597
-12596
-12590
-12586
-12582
-12581
-12579
-12576
-12564
-12555
-12553
-12535
-12533
-12528
-12521
-12520
-12513
-12512
-12509
-12504
-12503
-12499
-12497
-12492
-12485
-12484
-12471
-12460
-12455
-12454
-12448
-12447
-12443
-12437
-12430
-12423
-12415
-12408
-12407
-12404
-12401
-12400
-12399
-12398
-12397
-12390
-12388
-12384
-12382
-12381
-12366
-12365
-12346
-12341
-12340
-12334
-12333
-12328
-12321
-12316
-12315
-12314
-12308
-12306
-12298
-12281
-12276
-12275
-12274
-12273
-12265
-12264
-12258
-12256
-12255
-12248
-12247
-12245
-12240
-12238
-12236
-12233
-12231
-12226
-12220
-12216
-12211
-12209
-12206
-12205
-12202
-12195
-12190
-12186
-12175
-12165
-12162
-12159
-12145
-12142
-12138
-12135
-12132
-12126
-12118
-12115
-12113
-12111
-12103
-12101
-12096
-12090
-12087
-12079
-12077
-12074
-12070
-12064
-12061
-12054
-12048
-12046
-12024
-12023
-12021
-12018
-12014
-12012
-12000
-11998
-11997
-11996
-11988
-11985
-11957
-11956
-11953
-11951
-11945
-11940
-11939
-11935
-11921
-11914
-11913
-11908
-11906
-11905
-11895
-11886
-11883
-11878
-11864
-11859
-11857
-11856
-11844
-11843
-11830
-11826
-11823
-11818
-11817
-11810
-11802
-11797
-11794
-11791
-11780
-11779
-11772
-11770
-11767
-11762
-11761
-11758
-11756
-11752
-11749
-11744
-11736
-11734
-11728
-11715
-11714
-11709
-11701
-11698
-11691
-11685
-11684
-11679
-11676
-11675
-11674
-11664
-11656
-11654
-11653
-11635
-11633
-11632
-11624
-11619
-11613
-11612
-11608
-11604
-11597
-11594
-11593
-11591
-11588
-11587
-11586
-11585
-11576
-11575
-11572
-11568
-11565
-11562
-11559
-11556
-11553
-11546
-11545
-11541
-11533
-11530
-11523
-11519
-11516
-11508
-11507
-11500
-11498
-11488
-11484
-11480
-11479
-11472
-11469
-11455
-11453
-11452
-11444
-11442
-11439
-11438
-11436
-11434
-11420
-11417
-11416
-11414
-11413
-11411
-11400
-11389
-11378
-11377
-11371
-11366
-11364
-11358
-11357
-11356
-11354
-11353
-11352
-11349
-11338
-11327
-11326
-11308
-11307
-11305
-11297
-11286
-11282
-11276
-11275
-11274
-11264
-11258
-11257
-11251
-11249
-11240
-11238
-11233
-11232
-11227
-11226
-11211
-11207
-11203
-11201
-11198
-11193
-11190
-11189
-11184
-11173
-11171
-11165
-11164
-11162
-11159
-11144
-11143
-11135
-11129
-11124
-11122
-11121
-11120
-11117
-11106
-11100
-11095
-11084
-11074
-11063
-11062
-11041
-11039
-11031
-11030
-11029
-11028
-11026
-11024
-11021
-11017
-11015
-11004
-10985
-10980
-10976
-10969
-10966
-10965
-10957
-10935
-10928
-10924
-10923
-10919
-10918
-10916
-10910
-10894
-10891
-10887
-10886
-10880
-10869
-10867
-10856
-10855
-10854
-10848
-10847
-10846
-10844
-10833
-10830
-10819
-10817
-10816
-10807
-10803
-10801
-10798
-10797
-10790
-10789
-10777
-10764
-10757
-10750
-10728
-10727
-10725
-10724
-10721
-10720
-10719
-10715
-10714
-10713
-10710
-10709
-10706
-10697
-10696
-10686
-10683
-10676
-10675
-10674
-10667
-10666
-10652
-10642
-10623
-10616
-10606
-10605
-10595
-10594
-10587
-10585
-10581
-10577
-10573
-10565
-10563
-10560
-10559
-10557
-10538
-10535
-10532
-10528
-10527
-10526
-10521
-10520
-10514
-10510
-10503
-10502
-10490
-10485
-10482
-10479
-10473
-10461
-10459
-10458
-10437
-10434
-10419
-10418
-10400
-10365
-10362
-10350
-10340
-10335
-10330
-10329
-10318
-10316
-10314
-10309
-10302
-10301
-10295
-10294
-10289
-10285
-10281
-10273
-10272
-10268
-10265
-10261
-10259
-10250
-10246
-10243
-10219
-10215
-10214
-10207
-10201
-10200
-10199
-10198
-10195
-10193
-10179
-10169
-10161
-10152
-10145
-10142
-10138
-10136
-10132
-10130
-10117
-10116
-10115
-10103
-10101
-10090
-10086
-10079
-10066
-10065
-10064
-10063
-10061
-10060
-10053
-10051
-10049
-10045
-10043
-10042
-10031
-10026
-10022
-10007
-9983
-9973
-9969
-9967
-9962
-9951
-9950
-9949
-9940
-9938
-9936
-9928
-9926
-9922
-9915
-9914
-9910
-9904
-9901
-9897
-9894
-9891
-9887
-9884
-9866
-9861
-9859
-9857
-9856
-9855
-9850
-9839
-9835
-9824
-9819
-9818
-9812
-9807
-9804
-9803
-9796
-9792
-9784
-9780
-9777
-9774
-9771
-9765
-9760
-9755
-9752
-9746
-9732
-9727
-9720
-9719
-9715
-9711
-9707
-9699
-9697
-9693
-9680
-9671
-9670
-9668
-9664
-9663
-9661
-9654
-9652
-9643
-9642
-9641
-9636
-9635
-9631
-9626
-9623
-9621
-9620
-9615
-9614
-9611
-9609
-9603
-9596
-9595
-9588
-9584
-9578
-9573
-9567
-9565
-9546
-9541
-9537
-9536
-9531
-9530
-9524
-9520
-9502
-9497
-9495
-9489
-9487
-9482
-9474
-9473
-9472
-9470
-9460
-9459
-9456
-9454
-9443
-9441
-9435
-9429
-9426
-9423
-9422
-9420
-9418
-9411
-9386
-9383
-9377
-9375
-9362
-9356
-9347
-9344
-9337
-9323
-9321
-9315
-9314
-9312
-9308
-9307
-9306
-9299
-9298
-9296
-9291
-9289
-9284
-9280
-9276
-9271
-9268
-9262
-9261
-9258
-9255
-9252
-9249
-9246
-9235
-9222
-9214
-9213
-9211
-9210
-9209
-9203
-9200
-9187
-9183
-9182
-9177
-9167
-9166
-9152
-9126
-9125
-9118
-9114
-9113
-9111
-9104
-9103
-9100
-9098
-9095
-9090
-9085
-9076
-9069
-9059
-9056
-9052
-9051
-9050
-9048
-9046
-9043
-9037
-9035
-9032
-9016
-9007
-9006
-9004
-9003
-9002
-9000
-8999
-8996
-8984
-8978
-8976
-8974
-8973
-8951
-8949
-8942
-8941
-8938
-8936
-8935
-8932
-8922
-8919
-8917
-8910
-8905
-8903
-8899
-8889
-8877
-8875
-8874
-8867
-8859
-8854
-8850
-8848
-8846
-8843
-8834
-8818
-8799
-8789
-8786
-8784
-8781
-8780
-8779
-8775
-8774
-8766
-8762
-8751
-8750
-8748
-8743
-8742
-8740
-8739
-8738
-8737
-8730
-8720
-8713
-8712
-8709
-8703
-8697
-8680
-8678
-8677
-8673
-8661
-8659
-8643
-8640
-8638
-8637
-8627
-8624
-8617
-8604
-8602
-8598
-8583
-8578
-8576
-8574
-8573
-8570
-8566
-8557
-8555
-8552
-8548
-8546
-8530
-8528
-8526
-8525
-8515
-8505
-8504
-8501
-8493
-8482
-8478
-8474
-8472
-8471
-8466
-8465
-8461
-8456
-8448
-8445
-8444
-8442
-8438
-8435
-8434
-8422
-8421
-8420
-8410
-8400
-8393
-8389
-8387
-8385
-8382
-8379
-8376
-8375
-8372
-8346
-8337
-8329
-8328
-8326
-8320
-8318
-8313
-8311
-8304
-8301
-8290
-8283
-8276
-8275
-8269
-8255
-8248
-8247
-8245
-8243
-8241
-8235
-8228
-8215
-8212
-8211
-8210
-8206
-8204
-8174
-8166
-8163
-8152
-8150
-8140
-8139
-8131
-8122
-8111
-8110
-8109
-8105
-8102
-8100
-8097
-8089
-8086
-8085
-8081
-8075
-8069
-8061
-8051
-8046
-8039
-8033
-8030
-8012
-8007
-8005
-8003
-7996
-7995
-7991
-7989
-7982
-7978
-7966
-7965
-7959
-7958
-7954
-7944
-7942
-7939
-7926
-7921
-7919
-7911
-7903
-7902
-7894
-7892
-7889
-7880
-7877
-7873
-7872
-7871
-7865
-7862
-7861
-7860
-7859
-7846
-7845
-7829
-7825
-7821
-7817
-7813
-7800
-7798
-7791
-7790
-7789
-7788
-7777
-7776
-7768
-7764
-7760
-7759
-7755
-7754
-7744
-7728
-7726
-7725
-7711
-7710
-7699
-7697
-7695
-7686
-7683
-7678
-7673
-7671
-7668
-7667
-7664
-7662
-7659
-7655
-7651
-7646
-7645
-7626
-7624
-7622
-7618
-7613
-7612
-7602
-7598
-7597
-7596
-7593
-7584
-7575
-7573
-7572
-7551
-7550
-7546
-7544
-7543
-7542
-7539
-7536
-7534
-7527
-7519
-7517
-7508
-7498
-7492
-7483
-7478
-7475
-7472
-7463
-7455
-7454
-7446
-7443
-7442
-7440
-7437
-7435
-7432
-7431
-7428
-7427
-7425
-7423
-7421
-7419
-7415
-7411
-7404
-7403
-7397
-7393
-7384
-7382
-7380
-7378
-7377
-7372
-7368
-7363
-7359
-7357
-7348
-7344
-7341
-7337
-7335
-7333
-7331
-7329
-7319
-7315
-7314
-7299
-7298
-7295
-7294
-7284
-7283
-7277
-7274
-7270
-7258
-7253
-7232
-7230
-7225
-7220
-7219
-7209
-7206
-7204
-7195
-7190
-7180
-7166
-7160
-7154
-7153
-7145
-7143
-7136
-7133
-7114
-7113
-7112
-7109
-7107
-7105
-7101
-7094
-7090
-7084
-7078
-7076
-7073
-7063
-7060
-7057
-7056
-7054
-7052
-7045
-7044
-7039
-7037
-7033
-7031
-7020
-7013
-7010
-6999
-6989
-6978
-6970
-6964
-6962
-6961
-6958
-6955
-6943
-6927
-6923
-6919
-6918
-6915
-6911
-6904
-6894
-6893
-6887
-6884
-6883
-6877
-6874
-6873
-6867
-6865
-6849
-6841
-6835
-6822
-6821
-6820
-6818
-6811
-6803
-6802
-6794
-6793
-6791
-6790
-6788
-6785
-6776
-6775
-6765
-6755
-6744
-6737
-6729
-6728
-6727
-6726
-6725
-6719
-6717
-6715
-6712
-6703
-6699
-6695
-6694
-6690
-6684
-6682
-6674
-6667
-6663
-6662
-6654
-6652
-6650
-6639
-6638
-6635
-6632
-6629
-6628
-6627
-6618
-6617
-6612
-6608
-6606
-6599
-6594
-6590
-6587
-6586
-6579
-6569
-6562
-6554
-6551
-6550
-6545
-6541
-6540
-6538
-6535
-6530
-6516
-6514
-6508
-6507
-6502
-6493
-6487
-6485
-6477
-6475
-6471
-6463
-6457
-6439
-6438
-6435
-6429
-6426
-6411
-6406
-6403
-6394
-6389
-6383
-6382
-6381
-6375
-6374
-6368
-6360
-6355
-6353
-6348
-6335
-6334
-6332
-6312
-6305
-6303
-6296
-6287
-6281
-6280
-6277
-6271
-6268
-6266
-6264
-6257
-6251
-6248
-6246
-6244
-6239
-6238
-6233
-6226
-6225
-6224
-6221
-6219
-6217
-6211
-6193
-6191
-6190
-6189
-6182
-6181
-6180
-6172
-6167
-6165
-6163
-6160
-6159
-6156
-6152
-6142
-6140
-6125
-6123
-6117
-6112
-6108
-6107
-6104
-6102
-6097
-6094
-6091
-6075
-6073
-6069
-6068
-6063
-6060
-6057
-6053
-6052
-6051
-6048
-6031
-6022
-6015
-6013
-6012
-6007
-5997
-5990
-5974
-5967
-5956
-5950
-5948
-5944
-5941
-5938
-5935
-5929
-5917
-5914
-5911
-5910
-5909
-5902
-5897
-5887
-5875
-5871
-5870
-5867
-5860
-5857
-5849
-5841
-5835
-5826
-5825
-5815
-5810
-5792
-5791
-5789
-5788
-5786
-5764
-5761
-5758
-5756
-5753
-5749
-5741
-5725
-5724
-5723
-5722
-5719
-5718
-5706
-5705
-5701
-5698
-5691
-5686
-5683
-5680
-5677
-5672
-5671
-5667
-5656
-5642
-5639
-5633
-5628
-5624
-5619
-5616
-5604
-5592
-5587
-5582
-5581
-5576
-5571
-5570
-5567
-5566
-5522
-5516
-5514
-5510
-5503
-5497
-5493
-5477
-5476
-5465
-5463
-5462
-5449
-5446
-5440
-5438
-5431
-5426
-5425
-5421
-5418
-5416
-5415
-5408
-5406
-5398
-5394
-5381
-5379
-5369
-5364
-5360
-5359
-5353
-5351
-5348
-5338
-5329
-5328
-5325
-5314
-5304
-5299
-5286
-5282
-5275
-5268
-5267
-5264
-5256
-5252
-5247
-5245
-5242
-5240
-5234
-5230
-5229
-5225
-5222
-5214
-5210
-5205
-5202
-5194
-5191
-5190
-5173
-5165
-5153
-5152
-5149
-5146
-5145
-5144
-5141
-5139
-5137
-5127
-5118
-5100
-5099
-5092
-5088
-5084
-5076
-5065
-5062
-5061
-5060
-5043
-5023
-5018
-5012
-5008
-5005
-5000
-4996
-4994
-4989
-4986
-4983
-4982
-4976
-4974
-4971
-4970
-4969
-4968
-4966
-4961
-4959
-4942
-4938
-4937
-4934
-4931
-4909
-4900
-4899
-4898
-4888
-4886
-4885
-4882
-4876
-4875
-4873
-4868
-4861
-4858
-4853
-4843
-4836
-4833
-4831
-4829
-4826
-4817
-4813
-4798
-4793
-4782
-4778
-4768
-4762
-4756
-4748
-4744
-4741
-4730
-4720
-4714
-4692
-4689
-4674
-4669
-4665
-4660
-4654
-4649
-4648
-4647
-4644
-4637
-4633
-4623
-4619
-4618
-4616
-4615
-4614
-4610
-4607
-4601
-4589
-4585
-4584
-4583
-4573
-4555
-4551
-4538
-4533
-4531
-4530
-4519
-4514
-4509
-4503
-4501
-4500
-4499
-4498
-4496
-4494
-4490
-4477
-4472
-4469
-4466
-4456
-4449
-4439
-4435
-4424
-4421
-4414
-4399
-4391
-4373
-4367
-4358
-4344
-4343
-4329
-4324
-4317
-4313
-4312
-4306
-4297
-4293
-4291
-4290
-4286
-4285
-4277
-4269
-4267
-4262
-4251
-4249
-4247
-4241
-4233
-4208
-4207
-4203
-4198
-4197
-4194
-4191
-4179
-4176
-4174
-4169
-4168
-4167
-4161
-4156
-4153
-4140
-4134
-4132
-4131
-4130
-4128
-4124
-4123
-4118
-4117
-4106
-4105
-4104
-4098
-4096
-4095
-4090
-4086
-4079
-4077
-4071
-4066
-4060
-4055
-4049
-4044
-4042
-4037
-4035
-4033
-4029
-4024
-4015
-3997
-3994
-3991
-3989
-3983
-3971
-3970
-3968
-3966
-3965
-3963
-3961
-3959
-3955
-3943
-3942
-3941
-3940
-3938
-3934
-3927
-3905
-3903
-3900
-3894
-3891
-3883
-3879
-3878
-3872
-3870
-3868
-3859
-3848
-3845
-3839
-3823
-3822
-3820
-3819
-3802
-3800
-3792
-3787
-3777
-3775
-3773
-3772
-3762
-3758
-3751
-3745
-3742
-3735
-3731
-3727
-3726
-3725
-3723
-3716
-3710
-3699
-3694
-3686
-3672
-3660
-3657
-3650
-3649
-3642
-3625
-3623
-3619
-3618
-3614
-3609
-3605
-3604
-3602
-3593
-3587
-3585
-3582
-3577
-3571
-3568
-3566
-3561
-3560
-3557
-3550
-3548
-3545
-3529
-3527
-3526
-3520
-3502
-3493
-3489
-3482
-3478
-3476
-3475
-3469
-3464
-3461
-3451
-3447
-3430
-3425
-3423
-3422
-3419
-3412
-3411
-3404
-3394
-3392
-3388
-3382
-3370
-3369
-3362
-3358
-3347
-3346
-3343
-3328
-3327
-3323
-3321
-3317
-3313
-3304
-3296
-3295
-3294
-3291
-3288
-3265
-3264
-3263
-3262
-3256
-3255
-3251
-3248
-3246
-3242
-3234
-3224
-3223
-3215
-3209
-3208
-3201
-3200
-3199
-3196
-3182
-3180
-3178
-3158
-3156
-3155
-3154
-3152
-3146
-3145
-3144
-3137
-3135
-3124
-3123
-3122
-3102
-3090
-3087
-3085
-3079
-3077
-3064
-3039
-3034
-3029
-3028
-3027
-3025
-3019
-3018
-3012
-3011
-3004
-3002
-2995
-2993
-2992
-2991
-2988
-2986
-2984
-2983
-2982
-2981
-2980
-2973
-2971
-2963
-2954
-2947
-2936
-2917
-2907
-2900
-2899
-2898
-2895
-2893
-2892
-2889
-2882
-2877
-2872
-2864
-2859
-2854
-2853
-2851
-2848
-2840
-2834
-2825
-2821
-2811
-2807
-2804
-2799
-2792
-2790
-2782
-2777
-2766
-2763
-2757
-2752
-2751
-2748
-2745
-2734
-2730
-2722
-2721
-2716
-2709
-2705
-2692
-2691
-2690
-2688
-2682
-2678
-2675
-2669
-2658
-2654
-2651
-2649
-2645
-2634
-2633
-2631
-2629
-2627
-2620
-2619
-2618
-2616
-2615
-2613
-2612
-2610
-2597
-2581
-2580
-2574
-2564
-2556
-2554
-2545
-2535
-2523
-2521
-2520
-2518
-2513
-2512
-2507
-2506
-2504
-2496
-2494
-2486
-2485
-2483
-2475
-2474
-2472
-2467
-2463
-2462
-2455
-2444
-2442
-2438
-2436
-2426
-2418
-2411
-2410
-2406
-2404
-2398
-2395
-2385
-2379
-2375
-2374
-2373
-2357
-2348
-2342
-2341
-2326
-2306
-2304
-2293
-2291
-2279
-2277
-2275
-2272
-2270
-2268
-2264
-2262
-2258
-2253
-2252
-2250
-2246
-2245
-2242
-2241
-2240
-2228
-2221
-2212
-2209
-2203
-2202
-2193
-2192
-2187
-2186
-2185
-2184
-2180
-2176
-2175
-2166
-2162
-2157
-2156
-2147
-2146
-2145
-2144
-2137
-2136
-2128
-2113
-2110
-2106
-2093
-2088
-2082
-2075
-2074
-2070
-2065
-2056
-2055
-2046
-2041
-2040
-2038
-2033
-2031
-2028
-2007
-2006
-2000
-1990
-1984
-1983
-1982
-1981
-1976
-1972
-1961
-1952
-1935
-1923
-1921
-1919
-1912
-1892
-1890
-1889
-1887
-1885
-1879
-1876
-1863
-1862
-1861
-1860
-1851
-1840
-1830
-1829
-1827
-1820
-1818
-1817
-1807
-1806
-1804
-1786
-1784
-1782
-1775
-1773
-1765
-1763
-1761
-1757
-1752
-1747
-1744
-1742
-1733
-1726
-1722
-1718
-1714
-1709
-1707
-1697
-1696
-1695
-1691
-1683
-1681
-1678
-1675
-1664
-1663
-1661
-1660
-1654
-1649
-1647
-1643
-1641
-1638
-1634
-1624
-1620
-1619
-1618
-1604
-1601
-1587
-1580
-1578
-1572
-1569
-1563
-1553
-1550
-1548
-1537
-1536
-1535
-1529
-1521
-1520
-1519
-1514
-1512
-1503
-1490
-1486
-1481
-1475
-1474
-1463
-1462
-1454
-1453
-1445
-1440
-1439
-1435
-1431
-1416
-1407
-1403
-1402
-1399
-1393
-1381
-1378
-1376
-1373
-1365
-1364
-1354
-1349
-1345
-1339
-1334
-1322
-1320
-1314
-1299
-1286
-1282
-1281
-1274
-1273
-1271
-1268
-1266
-1251
-1250
-1241
-1237
-1210
-1207
-1202
-1200
-1199
-1192
-1188
-1182
-1176
-1175
-1173
-1161
-1159
-1148
-1146
-1141
-1137
-1134
-1128
-1127
-1126
-1120
-1105
-1104
-1099
-1090
-1088
-1083
-1080
-1079
-1075
-1072
-1067
-1066
-1058
-1042
-1041
-1038
-1036
-1033
-1032
-1028
-1021
-1016
-1008
-1004
-995
-993
-992
-990
-986
-982
-979
-978
-975
-973
-968
-963
-956
-954
-952
-943
-941
-940
-939
-938
-937
-931
-926
-918
-915
-914
-912
-907
-903
-889
-887
-878
-861
-860
-859
-856
-853
-851
-849
-847
-840
-833
-832
-830
-819
-817
-812
-801
-797
-789
-780
-770
-768
-749
-745
-743
-740
-734
-727
-715
-712
-709
-707
-705
-704
-685
-684
-683
-682
-681
-680
-679
-668
-665
-663
-662
-654
-649
-635
-634
-628
-623
-615
-610
-604
-602
-589
-587
-586
-584
-577
-575
-570
-561
-559
-555
-554
-551
-550
-540
-532
-526
-524
-521
-520
-519
-517
-513
-499
-480
-479
-474
-472
-455
-447
-445
-440
-430
-418
-415
-409
-404
-402
-401
-389
-387
-383
-378
-377
-359
-353
-352
-350
-345
-344
-342
-341
-339
-330
-329
-318
-311
-302
-287
-283
-282
-281
-279
-277
-273
-271
-267
-258
-250
-244
-242
-239
-234
-232
-226
-217
-213
-208
-192
-188
-187
-186
-184
-181
-173
-159
-152
-150
-133
-132
-127
-121
-112
-107
-105
-100
-98
-94
-91
-85
-79
-74
-72
-70
-67
-66
-62
-60
-58
-57
-47
-43
-36
-14
-5
5
13
20
23
28
39
41
43
45
53
54
55
58
69
73
74
76
82
85
86
89
91
97
102
107
108
114
122
127
128
130
133
144
152
161
164
168
175
176
179
181
182
183
187
194
201
214
218
223
225
227
230
231
233
234
239
247
248
251
256
261
267
289
291
308
312
315
323
336
342
349
354
361
364
381
389
390
411
413
416
421
427
437
438
440
448
456
460
471
473
475
480
488
493
495
496
497
499
500
508
509
512
518
520
533
543
548
554
561
570
575
582
590
591
592
594
597
601
613
615
618
625
631
633
636
637
640
641
651
652
653
666
670
672
676
678
680
689
701
702
707
708
710
711
719
731
734
737
752
753
754
761
765
773
776
777
780
787
788
791
794
796
808
811
815
821
826
828
831
834
845
848
851
853
854
865
866
872
876
890
892
895
911
913
922
923
926
932
945
946
952
954
955
958
962
963
968
971
973
976
978
982
984
986
989
990
1011
1018
1022
1024
1026
1029
1034
1057
1060
1063
1064
1088
1090
1097
1106
1110
1111
1130
1132
1134
1136
1149
1151
1159
1163
1164
1166
1169
1173
1196
1205
1208
1209
1210
1222
1233
1240
1251
1255
1260
1261
1269
1282
1291
1295
1297
1299
1304
1306
1314
1315
1334
1337
1338
1339
1344
1350
1361
1373
1381
1401
1415
1421
1422
1424
1429
1430
1438
1450
1453
1463
1477
1485
1488
1491
1498
1501
1502
1508
1515
1519
1520
1524
1529
1532
1533
1534
1538
1545
1549
1552
1554
1555
1574
1576
1577
1586
1587
1597
1599
1606
1608
1609
1610
1611
1613
1615
1619
1627
1630
1635
1640
1643
1644
1657
1659
1670
1673
1674
1678
1681
1683
1684
1685
1693
1698
1708
1710
1714
1715
1718
1720
1723
1725
1726
1730
1731
1732
1735
1737
1748
1754
1755
1762
1780
1795
1801
1803
1804
1805
1816
1818
1820
1825
1827
1828
1834
1835
1837
1849
1859
1861
1870
1871
1878
1881
1882
1894
1901
1905
1906
1907
1908
1910
1911
1913
1917
1919
1921
1923
1925
1932
1933
1939
1943
1946
1952
1964
1970
1971
1980
1984
1985
1986
1988
1994
1996
1999
2002
2004
2011
2012
2013
2023
2030
2035
2040
2047
2051
2053
2074
2079
2082
2083
2084
2088
2091
2096
2109
2110
2112
2115
2116
2120
2123
2124
2144
2150
2151
2158
2164
2168
2174
2180
2194
2195
2196
2199
2204
2209
2219
2221
2223
2228
2234
2239
2248
2250
2255
2267
2268
2279
2283
2284
2296
2309
2313
2338
2353
2360
2362
2364
2381
2387
2389
2401
2409
2413
2417
2419
2424
2425
2440
2472
2476
2480
2486
2488
2494
2501
2503
2504
2507
2508
2509
2514
2521
2523
2527
2530
2535
2536
2543
2548
2554
2559
2573
2576
2577
2588
2590
2591
2594
2600
2611
2616
2617
2618
2619
2621
2626
2629
2634
2636
2641
2645
2652
2653
2658
2666
2669
2670
2671
2676
2678
2685
2692
2693
2695
2704
2706
2710
2719
2724
2730
2733
2744
2746
2762
2767
2769
2771
2778
2780
2784
2796
2800
2808
2810
2813
2829
2830
2831
2832
2842
2848
2849
2873
2875
2877
2887
2893
2906
2907
2912
2913
2915
2924
2927
2943
2944
2953
2955
2960
2961
2974
2978
2984
2985
2991
3000
3007
3011
3012
3013
3021
3023
3035
3042
3060
3064
3068
3072
3074
3080
3084
3088
3089
3092
3093
3099
3101
3103
3104
3113
3123
3124
3128
3137
3145
3157
3159
3165
3169
3185
3186
3187
3188
3195
3200
3203
3206
3207
3212
3219
3221
3233
3244
3249
3253
3255
3257
3268
3275
3280
3283
3284
3287
3310
3315
3324
3325
3338
3339
3340
3342
3350
3353
3365
3373
3379
3386
3390
3395
3400
3402
3404
3418
3420
3421
3425
3432
3437
3442
3443
3453
3456
3468
3471
3474
3475
3480
3483
3495
3505
3512
3517
3519
3522
3530
3532
3535
3537
3542
3545
3547
3548
3554
3556
3565
3567
3571
3575
3589
3612
3615
3618
3628
3630
3631
3642
3643
3649
3658
3661
3665
3669
3670
3672
3673
3680
3682
3687
3694
3698
3700
3706
3710
3717
3718
3722
3737
3738
3741
3742
3748
3761
3762
3765
3783
3785
3786
3787
3791
3797
3802
3804
3808
3809
3816
3820
3822
3826
3829
3830
3834
3838
3842
3857
3860
3865
3868
3871
3883
3887
3888
3895
3897
3900
3905
3907
3909
3913
3916
3920
3923
3931
3942
3959
3961
3963
3974
3977
3994
3999
4015
4017
4027
4028
4035
4036
4045
4052
4059
4067
4072
4073
4084
4093
4094
4097
4100
4104
4106
4108
4129
4135
4139
4141
4147
4153
4160
4166
4167
4181
4183
4188
4195
4204
4211
4212
4213
4215
4224
4236
4253
4266
4273
4279
4283
4294
4298
4302
4313
4319
4323
4324
4327
4336
4339
4341
4342
4348
4350
4352
4354
4358
4359
4370
4371
4376
4377
4384
4393
4396
4407
4410
4413
4414
4423
4428
4432
4433
4436
4438
4441
4449
4455
4460
4466
4471
4480
4482
4486
4491
4492
4496
4505
4510
4511
4515
4520
4524
4525
4531
4532
4535
4536
4539
4543
4545
4546
4552
4555
4563
4564
4569
4570
4571
4588
4589
4593
4595
4600
4601
4605
4615
4616
4620
4625
4631
4641
4646
4648
4664
4677
4678
4700
4701
4702
4706
4708
4727
4728
4730
4733
4736
4738
4741
4758
4766
4767
4772
4773
4774
4778
4780
4781
4786
4789
4798
4803
4810
4811
4815
4818
4820
4834
4839
4841
4844
4849
4851
4853
4855
4863
4872
4873
4882
4890
4895
4901
4908
4909
4911
4913
4915
4916
4919
4921
4925
4926
4931
4932
4933
4935
4938
4939
4944
4951
4954
4961
4962
4979
4980
4982
4983
4989
4992
4993
5001
5006
5007
5012
5013
5017
5025
5033
5034
5052
5057
5058
5063
5064
5068
5082
5089
5092
5101
5105
5107
5110
5111
5116
5117
5118
5126
5129
5130
5144
5148
5153
5155
5159
5162
5163
5167
5173
5174
5176
5179
5181
5182
5184
5188
5189
5195
5197
5199
5202
5204
5209
5213
5223
5231
5235
5236
5249
5258
5265
5266
5270
5278
5280
5281
5283
5286
5290
5307
5315
5317
5318
5321
5328
5334
5347
5350
5358
5371
5374
5377
5378
5383
5384
5386
5388
5392
5394
5404
5427
5428
5433
5445
5450
5452
5459
5465
5469
5472
5483
5497
5498
5500
5504
5519
5520
5521
5531
5535
5537
5540
5544
5547
5550
5552
5553
5556
5559
5565
5566
5567
5568
5569
5573
5575
5577
5579
5585
5587
5592
5602
5611
5613
5618
5622
5628
5643
5649
5650
5651
5652
5656
5659
5664
5667
5673
5674
5684
5694
5717
5718
5723
5732
5745
5751
5755
5757
5759
5767
5768
5769
5776
5777
5783
5789
5791
5794
5795
5809
5812
5818
5820
5830
5838
5842
5845
5854
5858
5862
5865
5872
5874
5875
5882
5886
5902
5913
5916
5922
5939
5954
5955
5957
5958
5971
5975
5976
5998
5999
6011
6019
6031
6035
6037
6038
6043
6045
6048
6051
6059
6073
6076
6082
6088
6094
6096
6097
6103
6114
6121
6122
6129
6140
6147
6150
6153
6156
6163
6164
6165
6166
6169
6183
6186
6204
6206
6208
6210
6212
6217
6228
6235
6237
6245
6264
6265
6275
6276
6287
6288
6292
6297
6307
6322
6324
6332
6337
6339
6347
6356
6358
6365
6375
6380
6383
6387
6390
6391
6397
6399
6407
6410
6416
6430
6436
6438
6458
6472
6490
6492
6496
6499
6500
6514
6517
6519
6522
6534
6541
6542
6543
6544
6547
6552
6562
6569
6570
6571
6572
6574
6577
6581
6585
6592
6593
6597
6600
6603
6610
6615
6624
6627
6630
6633
6635
6640
6647
6648
6657
6658
6667
6669
6681
6684
6685
6688
6690
6706
6707
6712
6714
6716
6718
6727
6730
6732
6733
6736
6742
6743
6748
6754
6758
6759
6761
6766
6776
6777
6782
6786
6793
6795
6797
6799
6809
6820
6834
6835
6839
6840
6850
6853
6854
6857
6858
6864
6873
6874
6881
6884
6885
6896
6901
6907
6916
6925
6935
6937
6938
6940
6946
6954
6956
6964
6968
6969
6971
6974
6978
6989
7000
7007
7010
7011
7014
7015
7028
7035
7044
7045
7049
7052
7058
7075
7079
7085
7089
7102
7105
7109
7111
7117
7123
7128
7129
7133
7139
7142
7143
7171
7177
7182
7185
7187
7196
7197
7201
7205
7206
7211
7220
7225
7230
7236
7237
7248
7249
7259
7267
7269
7278
7279
7281
7291
7295
7296
7298
7301
7303
7306
7308
7320
7323
7326
7333
7337
7340
7343
7344
7345
7346
7348
7351
7369
7379
7385
7387
7394
7397
7401
7408
7419
7427
7432
7437
7447
7449
7458
7463
7473
7475
7478
7482
7491
7498
7503
7506
7511
7512
7519
7521
7522
7538
7553
7555
7558
7560
7561
7572
7579
7581
7593
7594
7598
7599
7606
7607
7609
7610
7613
7624
7626
7629
7632
7633
7636
7637
7640
7642
7643
7650
7651
7656
7657
7661
7662
7667
7669
7689
7692
7695
7698
7701
7702
7705
7709
7710
7713
7714
7716
7724
7725
7726
7728
7731
7738
7741
7744
7745
7761
7763
7767
7768
7778
7782
7783
7795
7796
7797
7801
7802
7808
7812
7816
7817
7818
7819
7822
7839
7844
7845
7850
7851
7854
7861
7862
7867
7870
7872
7874
7882
7883
7887
7903
7905
7915
7922
7925
7926
7929
7932
7937
7948
7953
7954
7962
7965
7968
7970
7971
7973
7974
7977
7988
7990
7994
7998
7999
8020
8024
8026
8034
8046
8051
8067
8068
8073
8081
8090
8091
8097
8100
8107
8110
8114
8128
8133
8139
8140
8142
8143
8144
8147
8148
8150
8156
8167
8171
8174
8176
8177
8179
8191
8198
8201
8203
8207
8212
8217
8221
8222
8223
8236
8245
8263
8276
8283
8290
8291
8303
8308
8315
8329
8331
8333
8334
8337
8341
8354
8362
8364
8371
8377
8388
8394
8397
8398
8404
8405
8409
8417
8418
8420
8421
8423
8426
8441
8442
8443
8445
8450
8452
8456
8459
8462
8469
8472
8475
8476
8480
8483
8491
8502
8512
8513
8514
8521
8528
8529
8530
8531
8538
8548
8552
8556
8557
8558
8561
8567
8570
8576
8577
8580
8581
8582
8584
8585
8590
8592
8602
8608
8609
8611
8612
8615
8616
8624
8633
8648
8654
8664
8666
8672
8679
8694
8695
8702
8704
8709
8713
8715
8717
8726
8729
8732
8735
8739
8741
8744
8747
8749
8750
8756
8767
8779
8781
8782
8783
8790
8804
8805
8806
8809
8810
8819
8824
8827
8841
8842
8851
8856
8858
8865
8866
8867
8871
8873
8877
8879
8883
8892
8897
8900
8903
8908
8911
8917
8925
8931
8937
8940
8945
8948
8954
8956
8957
8958
8963
8972
8974
8976
8977
8978
8997
9004
9005
9011
9015
9021
9027
9033
9046
9058
9059
9061
9068
9071
9076
9077
9079
9081
9098
9100
9109
9120
9129
9131
9132
9139
9140
9142
9144
9146
9147
9155
9170
9173
9180
9181
9189
9191
9193
9200
9201
9203
9221
9222
9231
9232
9247
9256
9278
9279
9287
9291
9298
9299
9300
9302
9308
9310
9327
9340
9346
9355
9357
9359
9361
9369
9379
9383
9388
9389
9392
9408
9410
9412
9417
9420
9435
9436
9446
9447
9464
9465
9466
9471
9484
9491
9493
9494
9504
9509
9517
9521
9522
9527
9529
9530
9531
9533
9535
9538
9543
9546
9548
9552
9555
9557
9559
9573
9577
9579
9583
9584
9586
9600
9602
9603
9605
9609
9614
9615
9620
9624
9627
9631
9636
9638
9639
9643
9651
9664
9666
9667
9676
9677
9687
9688
9689
9691
9692
9702
9707
9723
9724
9725
9727
9737
9738
9742
9746
9749
9750
9757
9770
9771
9772
9778
9783
9792
9796
9799
9808
9809
9812
9816
9818
9822
9826
9827
9834
9835
9841
9854
9855
9871
9882
9895
9896
9898
9901
9903
9905
9926
9927
9934
9937
9939
9940
9942
9965
9967
9972
9974
9984
9985
9986
9999
10002
10014
10016
10025
10026
10027
10028
10034
10036
10043
10044
10045
10047
10051
10054
10057
10058
10059
10061
10062
10064
10072
10075
10076
10084
10086
10097
10098
10100
10101
10103
10106
10109
10110
10111
10119
10120
10123
10129
10136
10156
10157
10163
10178
10187
10193
10195
10198
10212
10216
10223
10236
10238
10240
10246
10255
10262
10267
10268
10273
10275
10278
10288
10290
10294
10300
10301
10303
10311
10315
10322
10323
10332
10339
10346
10347
10352
10359
10360
10374
10375
10376
10378
10379
10384
10387
10389
10395
10404
10405
10408
10409
10417
10419
10426
10433
10438
10443
10451
10457
10458
10459
10461
10463
10468
10473
10474
10476
10487
10491
10494
10498
10505
10506
10512
10530
10531
10533
10535
10544
10546
10550
10556
10562
10565
10575
10578
10588
10594
10596
10616
10620
10624
10630
10637
10644
10656
10669
10672
10679
10692
10699
10701
10709
10711
10713
10718
10721
10722
10723
10732
10736
10740
10741
10745
10753
10761
10770
10771
10775
10781
10786
10792
10793
10797
10808
10809
10813
10822
10828
10836
10837
10839
10841
10851
10856
10859
10862
10868
10872
10877
10878
10879
10883
10895
10901
10902
10903
10905
10908
10918
10932
10945
10947
10955
10956
10959
10967
10974
10981
10999
11005
11006
11013
11015
11021
11024
11041
11042
11046
11051
11053
11054
11064
11065
11074
11077
11088
11097
11098
11099
11104
11114
11115
11119
11128
11129
11139
11140
11146
11150
11170
11172
11186
11189
11190
11192
11194
11199
11208
11210
11212
11215
11220
11224
11229
11232
11234
11240
11252
11257
11259
11266
11272
11277
11278
11279
11280
11282
11283
11286
11289
11290
11294
11301
11303
11306
11307
11312
11313
11315
11321
11335
11346
11359
11362
11366
11368
11383
11385
11386
11388
11390
11391
11394
11397
11404
11422
11430
11440
11442
11450
11452
11456
11458
11459
11462
11467
11476
11482
11498
11500
11501
11506
11510
11520
11523
11526
11527
11530
11537
11540
11542
11543
11560
11563
11565
11566
11570
11572
11575
11586
11588
11602
11603
11606
11608
11610
11615
11628
11635
11636
11641
11644
11645
11647
11655
11656
11657
11662
11665
11686
11689
11693
11696
11698
11701
11717
11718
11723
11724
11726
11733
11738
11742
11756
11759
11762
11773
11778
11780
11785
11790
11792
11798
11801
11806
11817
11820
11828
11829
11830
11831
11841
11842
11846
11855
11868
11869
11872
11881
11904
11914
11915
11924
11927
11934
11935
11937
11940
11951
11969
11972
11975
11979
11982
11984
11985
11987
11992
11995
11997
12007
12012
12014
12017
12018
12030
12031
12034
12039
12040
12043
12044
12048
12052
12054
12060
12066
12067
12069
12073
12079
12082
12096
12099
12109
12110
12120
12128
12131
12135
12139
12144
12145
12147
12150
12154
12158
12162
12172
12184
12190
12191
12194
12198
12199
12219
12233
12234
12238
12240
12241
12254
12256
12264
12273
12277
12280
12282
12293
12299
12302
12303
12324
12342
12352
12358
12373
12382
12387
12389
12397
12401
12407
12410
12419
12421
12431
12434
12435
12441
12443
12450
12451
12455
12457
12460
12461
12469
12481
12488
12497
12500
12501
12503
12507
12513
12514
12520
12525
12526
12527
12528
12530
12536
12538
12546
12557
12565
12568
12570
12573
12585
12586
12591
12595
12607
12612
12619
12620
12625
12630
12632
12635
12638
12639
12640
12642
12647
12663
12664
12667
12678
12681
12682
12694
12696
12702
12717
12725
12728
12730
12732
12735
12742
12746
12748
12753
12754
12757
12770
12771
12779
12781
12792
12796
12804
12805
12807
12812
12816
12818
12819
12822
12823
12824
12828
12829
12831
12837
12838
12847
12853
12864
12865
12872
12883
12889
12903
12906
12910
12916
12922
12928
12932
12934
12938
12944
12946
12963
12967
12971
12974
12985
12987
12992
12998
13000
13007
13010
13015
13019
13024
13030
13032
13040
13041
13048
13059
13063
13065
13068
13079
13080
13091
13103
13105
13109
13115
13120
13130
13131
13139
13140
13152
13154
13156
13157
13160
13165
13168
13172
13176
13180
13192
13193
13203
13209
13212
13213
13218
13219
13224
13227
13241
13256
13258
13261
13263
13264
13271
13275
13289
13291
13297
13313
13317
13319
13322
13324
13332
13333
13334
13338
13342
13345
13355
13360
13368
13384
13387
13395
13410
13411
13413
13416
13420
13426
13436
13440
13443
13444
13445
13451
13456
13464
13466
13473
13476
13483
13486
13487
13491
13502
13503
13507
13508
13509
13516
13517
13519
13521
13531
13533
13539
13550
13552
13554
13557
13558
13561
13563
13569
13571
13573
13575
13578
13579
13586
13593
13596
13598
13599
13604
13608
13611
13612
13614
13615
13617
13622
13626
13628
13629
13638
13647
13650
13651
13654
13659
13673
13677
13679
13680
13689
13696
13699
13704
13708
13710
13711
13722
13733
13735
13739
13741
13755
13758
13766
13767
13768
13771
13780
13784
13785
13787
13790
13791
13792
13803
13804
13805
13806
13816
13818
13825
13827
13828
13829
13839
13846
13847
13849
13852
13854
13855
13860
13865
13866
13870
13874
13878
13881
13890
13893
13899
13906
13914
13915
13916
13925
13930
13935
13941
13947
13956
13961
13967
13970
13971
13976
13977
13981
13983
13989
13991
13998
14005
14006
14019
14025
14027
14036
14038
14040
14042
14048
14052
14054
14057
14064
14070
14071
14077
14083
14091
14092
14095
14096
14102
14105
14116
14122
14124
14125
14130
14132
14134
14140
14141
14142
14145
14163
14169
14172
14178
14183
14185
14188
14189
14198
14214
14218
14225
14230
14234
14235
14240
14253
14256
14260
14262
14281
14283
14291
14293
14294
14296
14303
14307
14311
14313
14331
14347
14352
14361
14367
14371
14373
14375
14382
14397
14407
14408
14409
14411
14414
14419
14423
14430
14431
14432
14443
14453
14456
14457
14458
14459
14468
14469
14471
14472
14473
14477
14480
14492
14494
14499
14501
14506
14520
14524
14526
14528
14532
14536
14537
14544
14545
14554
14560
14561
14562
14565
14567
14568
14569
14586
14587
14589
14598
14599
14611
14639
14642
14643
14647
14648
14653
14654
14657
14660
14661
14662
14667
14668
14674
14676
14678
14681
14686
14688
14693
14696
14700
14702
14713
14714
14716
14718
14720
14721
14724
14731
14736
14739
14741
14748
14749
14762
14765
14766
14774
14777
14796
14803
14804
14813
14814
14830
14832
14843
14852
14858
14862
14864
14878
14887
14894
14898
14900
14903
14913
14919
14920
14923
14931
14939
14941
14945
14948
14949
14950
14959
14966
14968
14970
14971
14973
14974
14978
14981
14983
14988
14991
14994
14995
14999
15001
15018
15026
15030
15034
15038
15043
15044
15046
15049
15053
15062
15074
15075
15079
15080
15089
15090
15091
15100
15103
15114
15115
15117
15118
15120
15143
15145
15147
15152
15155
15162
15173
15179
15184
15186
15189
15195
15199
15207
15208
15209
15224
15225
15226
15229
15242
15266
15284
15287
15295
15297
15298
15300
15301
15306
15307
15315
15317
15318
15321
15323
15325
15332
15333
15337
15338
15339
15342
15347
15355
15365
15370
15371
15377
15381
15382
15383
15390
15391
15392
15401
15404
15407
15409
15416
15418
15421
15423
15428
15432
15433
15436
15450
15467
15486
15489
15495
15498
15499
15500
15501
15511
15518
15522
15528
15557
15561
15568
15578
15588
15590
15593
15599
15603
15615
15617
15625
15631
15632
15636
15639
15640
15646
15647
15651
15658
15664
15674
15682
15688
15696
15697
15698
15699
15705
15708
15712
15714
15727
15732
15738
15743
15747
15752
15755
15764
15766
15767
15768
15774
15775
15778
15784
15786
15794
15796
15799
15804
15806
15809
15812
15813
15814
15817
15841
15845
15849
15853
15858
15859
15862
15867
15874
15879
15880
15881
15885
15897
15910
15912
15913
15926
15928
15940
15942
15946
15948
15951
15952
15955
15967
15968
15969
15971
15980
15982
15983
15987
15988
15991
15993
16000
16001
16011
16018
16019
16024
16026
16028
16033
16042
16043
16044
16045
16046
16055
16068
16072
16078
16081
16082
16087
16090
16092
16093
16104
16108
16112
16116
16117
16119
16123
16155
16159
16162
16173
16177
16181
16183
16186
16193
16199
16201
16206
16210
16215
16235
16236
16237
16246
16249
16251
16252
16256
16258
16260
16264
16266
16270
16272
16273
16281
16282
16293
16294
16295
16304
16309
16314
16315
16316
16325
16337
16339
16344
16346
16348
16357
16364
16367
16377
16383
16388
16390
16398
16412
16414
16418
16426
16428
16430
16431
16437
16448
16449
16467
16469
16474
16478
16491
16492
16495
16498
16500
16501
16503
16504
16510
16511
16514
16515
16529
16531
16533
16541
16549
16554
16559
16565
16566
16573
16575
16584
16585
16594
16617
16621
16626
16628
16632
16639
16645
16650
16651
16653
16655
16660
16661
16663
16670
16677
16681
16685
16686
16703
16709
16716
16717
16730
16733
16739
16740
16741
16753
16755
16761
16773
16774
16776
16787
16794
16796
16800
16816
16817
16819
16829
16830
16832
16837
16844
16850
16851
16853
16854
16855
16860
16864
16866
16867
16871
16873
16874
16881
16882
16886
16887
16896
16897
16907
16910
16916
16926
16929
16938
16939
16944
16954
16959
16964
16965
16968
16969
16972
16981
16987
16994
16995
17000
17007
17030
17032
17033
17034
17042
17045
17048
17049
17050
17056
17062
17066
17070
17075
17078
17084
17086
17090
17099
17102
17121
17123
17128
17129
17130
17136
17152
17157
17159
17160
17162
17165
17171
17174
17178
17180
17181
17182
17183
17185
17189
17193
17199
17205
17209
17215
17217
17222
17226
17236
17240
17242
17255
17266
17267
17268
17269
17281
17284
17286
17287
17295
17296
17298
17299
17303
17314
17316
17328
17329
17331
17340
17347
17354
17355
17364
17370
17376
17377
17380
17383
17388
17389
17393
17394
17396
17399
17407
17421
17422
17426
17428
17435
17437
17438
17439
17446
17451
17456
17465
17469
17471
17476
17479
17482
17487
17489
17495
17497
17498
17500
17510
17511
17520
17529
17538
17539
17543
17547
17548
17557
17559
17572
17573
17575
17576
17579
17581
17590
17593
17599
17611
17615
17616
17620
17623
17626
17632
17634
17639
17662
17664
17665
17667
17669
17674
17682
17686
17690
17693
17698
17705
17712
17717
17719
17720
17721
17731
17738
17739
17742
17745
17746
17749
17754
17758
17763
17770
17791
17813
17827
17829
17836
17837
17843
17860
17863
17865
17879
17885
17888
17905
17906
17910
17912
17918
17923
17930
17934
17935
17946
17949
17964
17967
17978
17983
17984
17988
17989
18003
18010
18011
18014
18015
18017
18029
18035
18045
18049
18062
18071
18074
18086
18087
18093
18096
18097
18105
18113
18122
18130
18132
18147
18148
18153
18164
18166
18168
18170
18174
18185
18192
18198
18201
18203
18213
18215
18218
18226
18227
18228
18230
18233
18244
18246
18248
18249
18258
18259
18263
18268
18269
18271
18292
18294
18296
18301
18302
18305
18309
18335
18342
18346
18364
18370
18371
18375
18388
18389
18391
18394
18396
18400
18407
18412
18414
18417
18435
18442
18451
18457
18472
18479
18490
18493
18495
18500
18505
18512
18513
18518
18520
18528
18535
18536
18541
18542
18543
18554
18556
18557
18559
18562
18567
18570
18585
18587
18590
18592
18597
18599
18601
18604
18605
18607
18609
18618
18623
18629
18631
18634
18635
18639
18648
18649
18650
18651
18657
18658
18662
18680
18682
18686
18688
18694
18696
18697
18699
18706
18711
18720
18722
18725
18730
18736
18739
18742
18748
18753
18755
18761
18771
18774
18775
18783
18786
18792
18804
18807
18826
18827
18830
18833
18834
18836
18847
18854
18869
18878
18879
18883
18889
18891
18892
18896
18901
18919
18923
18932
18941
18944
18946
18947
18959
18960
18969
18975
18976
18984
18992
18999
19001
19010
19012
19013
19023
19025
19028
19046
19048
19049
19053
19055
19060
19063
19065
19074
19078
19081
19090
19093
19095
19104
19107
19111
19112
19122
19135
19137
19139
19142
19153
19160
19162
19166
19167
19168
19172
19180
19195
19198
19201
19208
19210
19211
19216
19221
19231
19236
19242
19245
19247
19251
19253
19257
19258
19262
19266
19270
19271
19274
19281
19288
19291
19292
19293
19295
19296
19301
19305
19307
19308
19309
19310
19311
19314
19317
19320
19327
19331
19334
19340
19362
19364
19375
19384
19388
19394
19397
19401
19411
19415
19425
19430
19441
19446
19448
19452
19468
19469
19479
19501
19508
19509
19511
19513
19516
19520
19528
19539
19544
19546
19550
19564
19567
19569
19576
19577
19587
19610
19611
19613
19617
19618
19623
19644
19649
19658
19664
19670
19684
19687
19698
19703
19704
19711
19715
19725
19736
19740
19741
19750
19759
19762
19763
19764
19772
19778
19790
19792
19800
19804
19818
19820
19824
19843
19844
19849
19852
19853
19854
19855
19859
19860
19870
19872
19876
19877
19883
19887
19892
19893
19894
19901
19902
19904
19905
19913
19916
19919
19926
19927
19936
19938
19942
19943
19944
19946
19947
19950
19954
19957
19961
19962
19963
19964
19965
19970
19974
19976
19979
19985
19995
19997
20002
20004
20006
20009
20011
20014
20015
20029
20034
20038
20043
20044
20055
20063
20067
20068
20075
20085
20093
20094
20102
20104
20106
20114
20115
20121
20122
20129
20130
20131
20132
20133
20134
20139
20141
20146
20151
20153
20155
20162
20170
20171
20181
20185
20189
20196
20200
20208
20211
20217
20218
20221
20223
20231
20235
20238
20251
20261
20267
20271
20279
20280
20282
20283
20287
20294
20296
20297
20298
20302
20305
20307
20308
20310
20313
20320
20328
20335
20337
20339
20340
20353
20355
20356
20359
20361
20368
20382
20385
20394
20397
20407
20410
20411
20412
20413
20415
20421
20422
20436
20440
20447
20448
20454
20473
20474
20487
20492
20501
20511
20512
20521
20529
20535
20537
20553
20554
20558
20566
20567
20572
20577
20579
20583
20588
20590
20594
20605
20618
20621
20623
20625
20626
20632
20638
20655
20657
20659
20667
20668
20671
20675
20685
20691
20694
20697
20700
20705
20710
20717
20718
20723
20726
20729
20730
20733
20734
20740
20741
20743
20745
20747
20755
20757
20764
20768
20769
20771
20776
20785
20788
20789
20798
20801
20807
20809
20818
20823
20824
20827
20833
20835
20836
20837
20841
20842
20849
20863
20864
20865
20867
20870
20887
20892
20896
20908
20912
20925
20933
20938
20943
20946
20948
20959
20966
20969
20972
20973
20974
20983
20984
20986
20989
20992
21001
21002
21029
21038
21040
21046
21048
21055
21056
21067
21083
21085
21103
21109
21112
21117
21126
21135
21144
21169
21173
21174
21183
21186
21194
21197
21202
21210
21212
21214
21219
21222
21234
21245
21247
21252
21255
21260
21262
21266
21280
21281
21283
21285
21290
21296
21300
21301
21314
21320
21322
21326
21341
21352
21355
21358
21359
21365
21372
21374
21382
21389
21398
21400
21420
21421
21427
21443
21444
21450
21460
21461
21467
21478
21479
21484
21493
21494
21507
21515
21516
21520
21528
21536
21540
21544
21545
21548
21550
21562
21563
21571
21580
21594
21603
21608
21613
21617
21619
21620
21631
21639
21643
21645
21648
21649
21655
21662
21664
21665
21674
21693
21697
21698
21701
21704
21708
21714
21732
21733
21744
21758
21761
21762
21771
21774
21784
21786
21787
21791
21792
21795
21801
21811
21812
21818
21823
21827
21834
21838
21846
21852
21857
21866
21868
21870
21877
21880
21886
21891
21909
21910
21911
21913
21914
21915
21918
21925
21927
21934
21936
21939
21940
21948
21949
21950
21953
21955
21957
21972
21979
21981
21983
21989
21991
21992
21993
21995
21998
22011
22012
22016
22017
22019
22021
22023
22031
22033
22039
22043
22054
22060
22062
22067
22068
22076
22080
22087
22089
22104
22111
22112
22122
22124
22129
22132
22138
22145
22146
22149
22150
22151
22164
22165
22166
22167
22173
22176
22179
22201
22204
22211
22216
22222
22237
22247
22254
22255
22264
22265
22269
22273
22274
22276
22278
22281
22282
22287
22288
22291
22297
22301
22303
22305
22310
22317
22324
22325
22327
22331
22343
22350
22353
22354
22358
22359
22368
22370
22376
22383
22387
22388
22390
22397
22401
22418
22427
22433
22435
22436
22457
22462
22464
22465
22467
22470
22476
22485
22489
22491
22492
22499
22505
22509
22511
22512
22528
22531
22536
22554
22561
22563
22569
22573
22584
22586
22592
22593
22603
22612
22618
22627
22628
22629
22633
22643
22645
22651
22654
22659
22661
22665
22673
22678
22680
22682
22684
22688
22702
22708
22712
22722
22724
22725
22730
22731
22733
22739
22742
22746
22753
22755
22764
22766
22778
22783
22786
22794
22807
22810
22811
22815
22822
22826
22827
22828
22833
22836
22840
22841
22846
22852
22853
22854
22855
22856
22862
22874
22885
22890
22891
22895
22897
22903
22905
22906
22909
22913
22922
22929
22931
22947
22955
22959
22962
22993
22994
23003
23017
23020
23023
23024
23052
23056
23061
23062
23069
23070
23072
23087
23088
23089
23096
23100
23101
23103
23105
23110
23115
23116
23121
23124
23135
23136
23145
23148
23164
23167
23177
23186
23205
23209
23214
23215
23218
23223
23231
23235
23254
23256
23259
23260
23266
23275
23291
23294
23304
23308
23314
23315
23335
23336
23337
23340
23345
23358
23363
23372
23375
23378
23387
23392
23402
23403
23412
23422
23425
23435
23439
23445
23446
23448
23449
23453
23459
23461
23465
23468
23480
23481
23483
23491
23494
23495
23497
23507
23514
23517
23526
23530
23534
23541
23543
23545
23567
23572
23573
23580
23584
23589
23601
23615
23619
23631
23634
23642
23645
23650
23656
23658
23667
23673
23675
23678
23681
23683
23686
23690
23692
23708
23714
23718
23719
23720
23725
23733
23734
23736
23757
23759
23774
23800
23806
23811
23815
23829
23839
23846
23849
23857
23861
23866
23869
23873
23894
23897
23902
23905
23908
23910
23916
23918
23924
23926
23937
23938
23943
23944
23954
23957
23960
23961
23962
23966
23967
23974
23976
23978
23980
23982
23988
23995
24014
24017
24019
24020
24023
24037
24043
24060
24070
24079
24082
24084
24092
24095
24107
24117
24125
24126
24131
24136
24139
24141
24158
24162
24167
24169
24170
24172
24173
24190
24197
24200
24203
24204
24209
24211
24212
24218
24236
24241
24249
24257
24258
24264
24265
24268
24278
24283
24284
24292
24293
24301
24303
24306
24311
24328
24335
24338
24341
24343
24344
24348
24349
24353
24359
24360
24365
24376
24377
24378
24379
24384
24386
24392
24406
24407
24412
24413
24415
24417
24419
24424
24432
24445
24447
24453
24454
24455
24465
24469
24471
24472
24473
24474
24475
24480
24481
24492
24502
24507
24519
24520
24527
24530
24532
24539
24548
24551
24552
24565
24567
24570
24577
24584
24609
24612
24624
24625
24627
24632
24641
24642
24645
24649
24662
24673
24674
24685
24692
24698
24706
24707
24711
24712
24714
24717
24720
24722
24728
24740
24741
24742
24743
24744
24751
24759
24767
24788
24791
24795
24810
24812
24813
24821
24824
24830
24832
24836
24839
24847
24856
24857
24858
24866
24867
24870
24874
24881
24886
24891
24898
24900
24912
24917
24922
24929
24932
24933
24949
24950
24951
24957
24963
24969
24971
24972
24976
24977
24978
24985
24987
24995
