1000
-2497
-2492
-2488
-2485
-2476
-2471
-2470
-2468
-2457
-2446
-2442
-2441
-2438
-2435
-2434
-2433
-2432
-2430
-2422
-2418
-2415
-2413
-2411
-2407
-2404
-2400
-2399
-2395
-2387
-2382
-2375
-2366
-2358
-2356
-2351
-2343
-2336
-2328
-2325
-2323
-2317
-2314
-2312
-2309
-2308
-2307
-2306
-2305
-2304
-2294
-2292
-2286
-2284
-2278
-2271
-2266
-2264
-2261
-2251
-2248
-2244
-2241
-2240
-2239
-2238
-2229
-2216
-2205
-2201
-2198
-2190
-2189
-2188
-2186
-2185
-2168
-2167
-2158
-2157
-2154
-2149
-2147
-2146
-2142
-2130
-2129
-2128
-2119
-2111
-2107
-2106
-2098
-2097
-2096
-2092
-2088
-2085
-2070
-2062
-2061
-2060
-2053
-2052
-2047
-2031
-2023
-2018
-2007
-1990
-1985
-1984
-1980
-1979
-1978
-1975
-1969
-1952
-1947
-1945
-1934
-1932
-1925
-1923
-1911
-1909
-1908
-1900
-1899
-1897
-1888
-1881
-1880
-1874
-1868
-1867
-1856
-1855
-1843
-1842
-1835
-1834
-1830
-1804
-1797
-1793
-1790
-1787
-1779
-1777
-1774
-1773
-1767
-1766
-1764
-1763
-1760
-1759
-1754
-1735
-1733
-1729
-1724
-1720
-1715
-1710
-1685
-1679
-1676
-1669
-1668
-1665
-1656
-1652
-1635
-1634
-1633
-1632
-1628
-1623
-1616
-1609
-1602
-1598
-1596
-1594
-1585
-1584
-1583
-1580
-1579
-1578
-1575
-1574
-1573
-1569
-1567
-1561
-1547
-1543
-1539
-1538
-1533
-1530
-1529
-1523
-1521
-1510
-1507
-1482
-1480
-1477
-1475
-1474
-1473
-1466
-1464
-1460
-1457
-1454
-1450
-1449
-1447
-1443
-1440
-1427
-1422
-1421
-1417
-1413
-1409
-1408
-1406
-1404
-1403
-1397
-1396
-1393
-1391
-1382
-1381
-1380
-1378
-1377
-1374
-1366
-1363
-1354
-1352
-1350
-1335
-1332
-1322
-1321
-1320
-1315
-1313
-1303
-1291
-1287
-1285
-1282
-1279
-1277
-1275
-1274
-1271
-1267
-1265
-1264
-1262
-1258
-1256
-1254
-1253
-1243
-1240
-1238
-1235
-1223
-1221
-1220
-1219
-1217
-1216
-1211
-1205
-1202
-1196
-1192
-1190
-1187
-1174
-1173
-1169
-1158
-1156
-1155
-1154
-1148
-1147
-1143
-1141
-1135
-1126
-1105
-1103
-1102
-1096
-1088
-1084
-1082
-1078
-1069
-1065
-1064
-1061
-1051
-1050
-1048
-1046
-1043
-1037
-1024
-1021
-1011
-1003
-999
-997
-992
-986
-979
-969
-966
-960
-954
-951
-946
-942
-932
-930
-924
-912
-908
-902
-899
-894
-893
-892
-887
-884
-879
-871
-866
-862
-858
-857
-847
-839
-838
-835
-826
-821
-820
-816
-804
-800
-799
-798
-792
-788
-787
-786
-779
-769
-766
-761
-757
-755
-751
-741
-734
-731
-725
-717
-712
-706
-704
-699
-697
-694
-691
-671
-668
-665
-663
-650
-648
-642
-631
-623
-621
-619
-605
-592
-587
-584
-582
-576
-575
-571
-567
-566
-565
-563
-543
-542
-536
-534
-532
-528
-519
-515
-514
-508
-507
-503
-491
-486
-480
-476
-467
-466
-463
-457
-446
-440
-438
-434
-431
-420
-416
-414
-407
-406
-400
-397
-395
-387
-386
-383
-380
-372
-368
-366
-358
-356
-351
-348
-345
-327
-316
-309
-305
-300
-298
-293
-289
-281
-266
-258
-257
-255
-248
-246
-244
-243
-239
-236
-229
-228
-227
-225
-217
-210
-208
-206
-201
-195
-179
-171
-164
-163
-162
-160
-142
-139
-135
-130
-125
-123
-120
-108
-98
-96
-93
-92
-87
-85
-79
-76
-74
-73
-69
-66
-65
-53
-47
-44
-42
-38
-22
-21
-20
-19
-8
-2
2
4
10
11
14
22
35
45
48
50
63
65
71
74
79
81
83
87
90
91
93
99
100
106
108
116
126
131
137
142
143
146
160
166
170
178
184
187
193
194
201
209
218
223
229
233
234
243
244
259
263
269
280
289
292
297
307
308
316
347
366
376
379
382
383
384
386
388
394
398
417
422
431
433
434
435
446
448
464
469
473
478
479
487
488
496
503
505
506
513
517
520
528
537
540
543
557
559
563
567
572
581
582
583
592
600
602
622
625
635
642
647
648
654
661
662
674
676
677
679
682
685
690
693
696
703
710
713
716
723
727
728
731
740
742
746
756
757
758
762
763
766
769
773
801
803
804
819
821
828
848
853
858
868
878
879
881
884
891
896
897
900
901
903
907
910
912
922
924
933
935
938
939
943
959
964
970
977
979
981
984
996
1003
1006
1010
1014
1020
1022
1027
1033
1035
1037
1048
1061
1065
1074
1080
1081
1095
1099
1102
1106
1108
1111
1122
1125
1131
1132
1135
1142
1154
1156
1157
1158
1160
1161
1162
1163
1165
1179
1185
1191
1194
1195
1207
1211
1230
1231
1232
1242
1245
1250
1255
1269
1270
1275
1285
1295
1315
1321
1328
1330
1333
1334
1335
1337
1343
1353
1355
1358
1362
1363
1366
1371
1373
1379
1392
1393
1404
1408
1414
1416
1422
1423
1432
1433
1444
1447
1448
1450
1455
1459
1461
1463
1469
1474
1476
1478
1479
1482
1486
1501
1502
1503
1505
1520
1524
1533
1535
1547
1563
1564
1565
1575
1578
1584
1590
1596
1602
1604
1608
1620
1621
1624
1625
1628
1630
1631
1632
1633
1642
1650
1651
1652
1657
1683
1685
1688
1690
1692
1698
1707
1708
1710
1712
1715
1720
1726
1727
1728
1734
1742
1751
1754
1768
1779
1786
1789
1798
1803
1808
1826
1827
1828
1838
1846
1860
1875
1881
1887
1889
1895
1896
1898
1902
1905
1918
1920
1926
1927
1929
1935
1937
1938
1944
1945
1946
1948
1966
1968
1969
1970
1974
1975
1976
1978
1980
1989
1993
1996
2014
2019
2022
2023
2038
2041
2052
2053
2055
2062
2063
2067
2068
2076
2077
2079
2081
2083
2092
2102
2103
2109
2120
2124
2128
2131
2139
2141
2143
2152
2153
2162
2163
2181
2185
2190
2191
2202
2208
2213
2215
2223
2231
2233
2236
2237
2250
2258
2261
2276
2278
2283
2284
2297
2299
2303
2304
2308
2316
2320
2325
2333
2334
2338
2344
2356
2364
2378
2379
2383
2389
2395
2402
2404
2405
2409
2420
2421
2422
2425
2429
2442
2451
2456
2457
2458
2471
2475
2477
2479
2482
2488
2494
2500
