100
-497
-487
-477
-449
-437
-431
-424
-410
-389
-379
-369
-364
-361
-360
-354
-345
-340
-328
-322
-316
-298
-267
-254
-250
-245
-229
-219
-216
-209
-205
-198
-182
-177
-173
-170
-163
-150
-145
-118
-108
-97
-93
-85
-76
-72
-58
-51
-29
-18
-7
7
39
45
65
94
103
125
133
134
140
142
150
163
171
175
204
239
245
257
262
274
279
280
287
297
298
314
317
320
323
324
331
339
341
361
377
388
392
405
415
417
421
435
447
452
455
465
489
491
492
