10000
-49986
-49981
-49971
-49961
-49958
-49948
-49944
-49927
-49912
-49909
-49872
-49871
-49869
-49841
-49813
-49808
-49799
-49791
-49785
-49776
-49774
-49762
-49760
-49756
-49742
-49721
-49717
-49716
-49713
-49711
-49706
-49695
-49674
-49671
-49635
-49626
-49606
-49591
-49589
-49584
-49581
-49580
-49579
-49578
-49529
-49523
-49521
-49519
-49518
-49501
-49500
-49491
-49469
-49465
-49464
-49462
-49447
-49441
-49439
-49429
-49425
-49417
-49383
-49382
-49381
-49373
-49364
-49356
-49342
-49341
-49338
-49333
-49332
-49323
-49310
-49303
-49292
-49287
-49286
-49284
-49275
-49272
-49267
-49262
-49230
-49212
-49185
-49180
-49162
-49145
-49144
-49121
-49110
-49089
-49087
-49078
-49073
-49072
-49067
-49060
-49054
-49045
-49043
-49040
-49033
-49026
-49006
-49001
-48980
-48975
-48969
-48952
-48928
-48917
-48912
-48904
-48887
-48879
-48878
-48868
-48860
-48840
-48815
-48813
-48810
-48800
-48799
-48794
-48793
-48789
-48770
-48765
-48757
-48754
-48743
-48728
-48721
-48694
-48691
-48690
-48677
-48674
-48660
-48654
-48645
-48638
-48624
-48616
-48612
-48604
-48600
-48598
-48597
-48561
-48559
-48555
-48504
-48494
-48460
-48456
-48451
-48447
-48428
-48427
-48405
-48282
-48278
-48276
-48273
-48263
-48259
-48255
-48253
-48251
-48218
-48214
-48209
-48164
-48161
-48142
-48139
-48138
-48120
-48116
-48089
-48073
-48067
-48059
-48047
-48034
-48033
-48024
-48019
-48001
-47997
-47994
-47986
-47985
-47944
-47933
-47931
-47904
-47885
-47874
-47870
-47855
-47853
-47839
-47811
-47783
-47762
-47758
-47752
-47750
-47714
-47688
-47686
-47679
-47622
-47621
-47609
-47608
-47581
-47579
-47577
-47556
-47554
-47553
-47545
-47537
-47516
-47511
-47503
-47502
-47501
-47499
-47497
-47478
-47466
-47465
-47387
-47380
-47340
-47332
-47320
-47312
-47311
-47309
-47307
-47283
-47279
-47277
-47276
-47272
-47257
-47250
-47239
-47236
-47233
-47228
-47221
-47216
-47214
-47206
-47202
-47197
-47185
-47147
-47140
-47127
-47113
-47096
-47089
-47066
-47065
-47063
-47062
-47059
-47051
-47037
-47029
-47016
-47010
-47008
-46975
-46969
-46968
-46961
-46944
-46943
-46937
-46922
-46914
-46901
-46884
-46883
-46880
-46869
-46867
-46860
-46857
-46830
-46804
-46795
-46788
-46779
-46775
-46772
-46771
-46753
-46723
-46712
-46694
-46685
-46684
-46683
-46678
-46671
-46668
-46662
-46659
-46658
-46655
-46649
-46631
-46621
-46616
-46586
-46570
-46564
-46554
-46549
-46511
-46473
-46470
-46469
-46451
-46438
-46432
-46419
-46413
-46364
-46344
-46323
-46314
-46308
-46307
-46306
-46304
-46299
-46296
-46276
-46264
-46263
-46254
-46253
-46249
-46246
-46245
-46234
-46220
-46193
-46178
-46176
-46173
-46161
-46150
-46132
-46112
-46107
-46096
-46093
-46038
-46030
-46027
-46020
-46015
-46002
-45985
-45982
-45969
-45947
-45942
-45935
-45933
-45927
-45919
-45915
-45907
-45900
-45896
-45888
-45867
-45862
-45860
-45858
-45849
-45823
-45818
-45810
-45803
-45786
-45781
-45768
-45763
-45758
-45754
-45737
-45726
-45721
-45719
-45715
-45713
-45711
-45706
-45700
-45696
-45692
-45685
-45675
-45665
-45663
-45656
-45647
-45625
-45593
-45581
-45568
-45562
-45557
-45542
-45540
-45537
-45525
-45523
-45504
-45497
-45492
-45487
-45486
-45485
-45478
-45453
-45451
-45448
-45442
-45437
-45424
-45406
-45380
-45377
-45347
-45336
-45321
-45318
-45305
-45302
-45286
-45285
-45278
-45255
-45254
-45187
-45179
-45176
-45158
-45154
-45153
-45144
-45132
-45128
-45121
-45108
-45105
-45093
-45085
-45080
-45073
-45054
-45029
-45021
-45019
-45007
-44995
-44956
-44951
-44907
-44887
-44886
-44867
-44856
-44849
-44841
-44811
-44806
-44804
-44801
-44791
-44781
-44766
-44764
-44740
-44702
-44699
-44697
-44692
-44689
-44670
-44665
-44642
-44639
-44627
-44618
-44608
-44607
-44597
-44584
-44580
-44577
-44556
-44542
-44527
-44516
-44513
-44512
-44511
-44494
-44491
-44487
-44479
-44461
-44454
-44443
-44441
-44439
-44434
-44433
-44427
-44419
-44416
-44407
-44403
-44397
-44381
-44343
-44335
-44333
-44311
-44307
-44280
-44262
-44261
-44247
-44246
-44243
-44234
-44228
-44185
-44175
-44169
-44159
-44149
-44138
-44129
-44120
-44118
-44115
-44098
-44095
-44053
-44031
-44025
-44019
-44014
-43997
-43992
-43987
-43983
-43978
-43975
-43974
-43970
-43969
-43965
-43957
-43952
-43950
-43942
-43929
-43912
-43899
-43887
-43884
-43881
-43875
-43837
-43822
-43820
-43812
-43809
-43801
-43800
-43791
-43782
-43778
-43762
-43710
-43699
-43688
-43668
-43638
-43632
-43630
-43628
-43614
-43584
-43550
-43526
-43508
-43491
-43476
-43471
-43441
-43435
-43427
-43424
-43416
-43411
-43386
-43380
-43359
-43353
-43352
-43350
-43329
-43318
-43299
-43294
-43290
-43288
-43279
-43251
-43248
-43232
-43227
-43206
-43190
-43188
-43187
-43180
-43177
-43176
-43170
-43166
-43165
-43151
-43147
-43140
-43139
-43113
-43105
-43102
-43080
-43071
-43068
-43066
-43051
-43037
-43033
-43020
-43008
-43004
-42984
-42979
-42976
-42966
-42937
-42912
-42894
-42883
-42874
-42868
-42858
-42857
-42827
-42818
-42794
-42791
-42778
-42772
-42762
-42757
-42753
-42746
-42743
-42738
-42716
-42708
-42695
-42692
-42687
-42670
-42656
-42651
-42649
-42632
-42627
-42626
-42624
-42614
-42605
-42593
-42580
-42549
-42541
-42534
-42518
-42515
-42507
-42504
-42494
-42493
-42478
-42475
-42467
-42466
-42465
-42460
-42459
-42439
-42434
-42412
-42409
-42408
-42403
-42390
-42368
-42366
-42358
-42339
-42325
-42315
-42311
-42305
-42297
-42293
-42289
-42277
-42274
-42263
-42260
-42251
-42246
-42240
-42214
-42203
-42190
-42182
-42164
-42163
-42154
-42152
-42151
-42139
-42132
-42128
-42120
-42110
-42092
-42068
-42037
-42031
-42022
-42012
-42009
-41995
-41980
-41977
-41970
-41957
-41930
-41912
-41911
-41906
-41903
-41891
-41886
-41885
-41878
-41854
-41848
-41847
-41846
-41845
-41836
-41831
-41821
-41816
-41815
-41790
-41784
-41775
-41770
-41765
-41761
-41758
-41754
-41727
-41719
-41718
-41716
-41673
-41669
-41663
-41646
-41631
-41629
-41627
-41625
-41623
-41619
-41615
-41610
-41608
-41599
-41595
-41593
-41592
-41581
-41562
-41560
-41559
-41544
-41517
-41510
-41508
-41500
-41497
-41494
-41491
-41488
-41481
-41470
-41468
-41463
-41445
-41440
-41437
-41411
-41375
-41372
-41366
-41365
-41340
-41331
-41312
-41311
-41296
-41274
-41269
-41249
-41238
-41221
-41212
-41210
-41206
-41202
-41200
-41195
-41181
-41174
-41173
-41154
-41140
-41138
-41137
-41133
-41125
-41121
-41119
-41116
-41111
-41110
-41108
-41085
-41081
-41078
-41074
-41069
-41033
-41019
-41008
-41001
-40978
-40975
-40974
-40967
-40966
-40952
-40911
-40889
-40874
-40873
-40867
-40862
-40844
-40821
-40804
-40777
-40773
-40762
-40740
-40729
-40713
-40706
-40701
-40699
-40694
-40686
-40681
-40671
-40651
-40649
-40645
-40636
-40621
-40619
-40609
-40599
-40592
-40562
-40559
-40550
-40541
-40539
-40533
-40526
-40522
-40517
-40516
-40513
-40511
-40493
-40487
-40458
-40454
-40450
-40431
-40418
-40416
-40393
-40386
-40382
-40372
-40371
-40359
-40327
-40325
-40311
-40310
-40306
-40300
-40297
-40288
-40282
-40276
-40274
-40255
-40238
-40220
-40203
-40175
-40158
-40150
-40140
-40127
-40118
-40114
-40104
-40092
-40088
-40082
-40071
-40061
-40055
-40046
-40040
-40037
-40036
-40012
-40009
-40007
-40000
-39998
-39969
-39942
-39926
-39925
-39924
-39912
-39911
-39909
-39882
-39879
-39873
-39868
-39854
-39847
-39830
-39805
-39800
-39780
-39777
-39771
-39770
-39757
-39740
-39722
-39721
-39717
-39714
-39710
-39704
-39672
-39664
-39654
-39646
-39629
-39625
-39601
-39596
-39595
-39588
-39571
-39567
-39565
-39546
-39540
-39533
-39527
-39516
-39484
-39477
-39470
-39463
-39461
-39445
-39427
-39420
-39411
-39391
-39387
-39377
-39376
-39367
-39365
-39353
-39347
-39340
-39329
-39326
-39316
-39315
-39311
-39301
-39295
-39289
-39283
-39246
-39231
-39229
-39225
-39222
-39213
-39208
-39197
-39196
-39194
-39175
-39173
-39164
-39161
-39158
-39148
-39140
-39134
-39127
-39122
-39115
-39108
-39072
-39050
-39037
-39027
-39012
-39010
-39007
-38997
-38984
-38983
-38980
-38979
-38974
-38972
-38965
-38963
-38955
-38947
-38944
-38941
-38931
-38922
-38916
-38913
-38911
-38902
-38900
-38864
-38845
-38841
-38828
-38827
-38803
-38799
-38798
-38775
-38767
-38764
-38759
-38756
-38752
-38747
-38743
-38729
-38713
-38710
-38704
-38702
-38682
-38669
-38657
-38634
-38631
-38616
-38615
-38606
-38602
-38598
-38593
-38590
-38580
-38562
-38556
-38555
-38551
-38542
-38505
-38489
-38487
-38472
-38466
-38464
-38459
-38440
-38436
-38422
-38409
-38403
-38374
-38373
-38370
-38365
-38344
-38337
-38332
-38317
-38314
-38301
-38292
-38282
-38273
-38262
-38260
-38251
-38235
-38219
-38218
-38212
-38189
-38178
-38169
-38119
-38114
-38103
-38097
-38085
-38069
-38063
-38057
-38055
-38047
-38043
-38038
-38035
-38028
-38005
-38002
-38000
-37989
-37978
-37962
-37956
-37954
-37952
-37947
-37945
-37939
-37934
-37909
-37897
-37894
-37889
-37884
-37880
-37878
-37874
-37863
-37859
-37858
-37855
-37844
-37843
-37835
-37834
-37821
-37808
-37805
-37796
-37773
-37772
-37767
-37766
-37755
-37753
-37734
-37728
-37723
-37720
-37716
-37703
-37700
-37659
-37649
-37641
-37609
-37562
-37550
-37548
-37518
-37507
-37493
-37487
-37479
-37478
-37475
-37445
-37436
-37434
-37431
-37429
-37418
-37406
-37398
-37380
-37378
-37376
-37372
-37347
-37325
-37316
-37315
-37296
-37272
-37246
-37234
-37211
-37191
-37179
-37175
-37155
-37140
-37130
-37115
-37106
-37075
-37074
-37058
-37041
-37036
-37033
-37021
-36991
-36979
-36978
-36977
-36956
-36943
-36940
-36918
-36910
-36885
-36880
-36877
-36866
-36859
-36843
-36840
-36837
-36825
-36815
-36801
-36785
-36778
-36767
-36764
-36748
-36742
-36740
-36739
-36730
-36721
-36670
-36663
-36655
-36653
-36642
-36627
-36621
-36618
-36616
-36599
-36570
-36564
-36548
-36541
-36522
-36506
-36505
-36472
-36454
-36448
-36420
-36393
-36390
-36380
-36359
-36343
-36342
-36340
-36328
-36311
-36302
-36301
-36281
-36280
-36268
-36256
-36254
-36251
-36242
-36235
-36230
-36208
-36190
-36184
-36183
-36172
-36169
-36162
-36136
-36133
-36119
-36112
-36105
-36097
-36092
-36090
-36077
-36064
-36038
-36037
-36033
-36031
-36013
-36009
-35993
-35985
-35984
-35975
-35951
-35932
-35904
-35900
-35896
-35879
-35865
-35857
-35843
-35842
-35827
-35826
-35817
-35811
-35805
-35799
-35796
-35772
-35756
-35749
-35736
-35732
-35719
-35715
-35706
-35693
-35682
-35681
-35678
-35673
-35648
-35643
-35639
-35638
-35635
-35627
-35614
-35594
-35593
-35590
-35587
-35545
-35544
-35536
-35534
-35530
-35528
-35517
-35514
-35494
-35480
-35469
-35460
-35459
-35458
-35447
-35444
-35441
-35439
-35424
-35413
-35407
-35406
-35385
-35384
-35378
-35309
-35307
-35304
-35297
-35292
-35285
-35266
-35257
-35243
-35208
-35200
-35187
-35186
-35170
-35160
-35143
-35138
-35105
-35069
-35068
-35044
-35038
-35036
-35034
-35015
-35011
-35002
-34995
-34978
-34943
-34938
-34922
-34919
-34909
-34907
-34894
-34891
-34886
-34864
-34860
-34857
-34856
-34853
-34843
-34828
-34809
-34798
-34792
-34773
-34759
-34757
-34746
-34732
-34714
-34711
-34694
-34688
-34658
-34637
-34621
-34612
-34609
-34598
-34593
-34592
-34574
-34572
-34567
-34548
-34534
-34524
-34516
-34515
-34477
-34473
-34470
-34469
-34456
-34440
-34438
-34431
-34422
-34417
-34415
-34411
-34410
-34399
-34389
-34385
-34369
-34361
-34351
-34344
-34337
-34326
-34290
-34281
-34258
-34244
-34239
-34219
-34214
-34211
-34187
-34180
-34177
-34168
-34164
-34163
-34160
-34152
-34147
-34131
-34123
-34091
-34082
-34078
-34060
-34053
-34051
-34049
-34048
-34036
-34002
-33999
-33990
-33989
-33987
-33986
-33978
-33968
-33965
-33931
-33922
-33921
-33916
-33898
-33886
-33883
-33870
-33858
-33853
-33843
-33837
-33828
-33806
-33799
-33798
-33797
-33796
-33795
-33778
-33772
-33741
-33726
-33718
-33708
-33707
-33703
-33679
-33673
-33666
-33612
-33608
-33602
-33586
-33576
-33574
-33566
-33555
-33538
-33521
-33516
-33515
-33512
-33508
-33506
-33498
-33480
-33463
-33447
-33416
-33363
-33360
-33348
-33344
-33340
-33339
-33334
-33315
-33313
-33312
-33292
-33290
-33284
-33263
-33262
-33256
-33255
-33248
-33227
-33215
-33206
-33201
-33195
-33192
-33177
-33157
-33139
-33138
-33132
-33122
-33100
-33094
-33093
-33078
-33071
-33038
-33033
-33019
-33017
-33012
-33000
-32984
-32967
-32966
-32957
-32951
-32944
-32941
-32935
-32919
-32918
-32910
-32908
-32883
-32877
-32874
-32862
-32860
-32858
-32845
-32828
-32808
-32791
-32774
-32769
-32758
-32754
-32740
-32721
-32689
-32678
-32669
-32667
-32665
-32648
-32636
-32631
-32628
-32617
-32558
-32555
-32552
-32551
-32537
-32528
-32513
-32507
-32506
-32494
-32491
-32486
-32484
-32479
-32472
-32469
-32454
-32446
-32436
-32422
-32417
-32407
-32390
-32388
-32377
-32348
-32335
-32317
-32298
-32288
-32284
-32283
-32281
-32278
-32277
-32273
-32272
-32268
-32261
-32222
-32212
-32200
-32199
-32191
-32160
-32147
-32145
-32143
-32133
-32122
-32116
-32108
-32106
-32095
-32079
-32076
-32073
-32070
-32061
-32044
-32026
-32015
-32010
-32003
-31992
-31973
-31970
-31968
-31938
-31935
-31918
-31904
-31878
-31869
-31865
-31864
-31859
-31858
-31845
-31844
-31836
-31833
-31828
-31823
-31820
-31780
-31777
-31776
-31760
-31756
-31751
-31743
-31734
-31730
-31728
-31718
-31709
-31698
-31695
-31683
-31681
-31674
-31662
-31659
-31634
-31613
-31601
-31593
-31579
-31576
-31571
-31550
-31542
-31537
-31526
-31496
-31489
-31486
-31480
-31471
-31466
-31465
-31461
-31443
-31415
-31413
-31401
-31395
-31391
-31384
-31381
-31380
-31377
-31368
-31355
-31347
-31341
-31335
-31332
-31328
-31318
-31290
-31278
-31259
-31240
-31232
-31220
-31218
-31199
-31179
-31178
-31159
-31154
-31136
-31135
-31132
-31127
-31122
-31110
-31108
-31097
-31092
-31065
-31060
-31053
-31051
-31048
-31035
-31032
-31026
-31024
-30998
-30983
-30982
-30955
-30952
-30950
-30928
-30922
-30912
-30863
-30847
-30842
-30838
-30828
-30826
-30822
-30812
-30804
-30801
-30789
-30780
-30779
-30764
-30762
-30751
-30727
-30724
-30712
-30709
-30705
-30698
-30685
-30681
-30673
-30667
-30663
-30659
-30654
-30641
-30621
-30607
-30601
-30594
-30593
-30562
-30540
-30534
-30526
-30518
-30496
-30482
-30475
-30460
-30452
-30449
-30443
-30439
-30430
-30413
-30384
-30379
-30375
-30371
-30362
-30359
-30357
-30347
-30345
-30343
-30332
-30314
-30312
-30305
-30288
-30272
-30269
-30263
-30261
-30254
-30251
-30247
-30239
-30225
-30193
-30176
-30172
-30167
-30157
-30152
-30139
-30133
-30085
-30081
-30058
-30032
-30030
-30019
-30006
-29989
-29938
-29934
-29926
-29918
-29917
-29908
-29907
-29900
-29897
-29866
-29847
-29838
-29831
-29830
-29815
-29803
-29797
-29791
-29781
-29754
-29749
-29743
-29741
-29740
-29702
-29692
-29689
-29684
-29678
-29675
-29667
-29658
-29657
-29643
-29635
-29596
-29593
-29582
-29557
-29529
-29523
-29507
-29465
-29457
-29440
-29423
-29411
-29401
-29393
-29385
-29368
-29367
-29363
-29352
-29344
-29341
-29336
-29332
-29330
-29314
-29305
-29298
-29274
-29265
-29264
-29252
-29235
-29215
-29213
-29212
-29206
-29156
-29153
-29144
-29128
-29121
-29120
-29105
-29086
-29081
-29074
-29072
-29059
-29048
-29025
-29023
-29021
-29007
-28995
-28978
-28973
-28972
-28970
-28969
-28962
-28961
-28934
-28925
-28922
-28910
-28883
-28880
-28878
-28876
-28853
-28840
-28815
-28801
-28798
-28796
-28791
-28786
-28777
-28775
-28769
-28762
-28744
-28734
-28732
-28731
-28729
-28724
-28722
-28708
-28704
-28701
-28697
-28690
-28683
-28681
-28680
-28652
-28649
-28626
-28624
-28614
-28604
-28578
-28568
-28561
-28551
-28544
-28504
-28499
-28470
-28450
-28440
-28437
-28434
-28407
-28406
-28401
-28399
-28392
-28389
-28384
-28383
-28379
-28372
-28368
-28364
-28352
-28341
-28328
-28298
-28290
-28287
-28283
-28282
-28279
-28275
-28262
-28261
-28250
-28237
-28236
-28229
-28218
-28213
-28202
-28187
-28169
-28166
-28164
-28140
-28129
-28121
-28111
-28103
-28093
-28085
-28076
-28075
-28062
-28058
-28050
-28047
-28039
-28021
-28012
-27999
-27991
-27976
-27942
-27940
-27938
-27914
-27913
-27910
-27905
-27904
-27898
-27890
-27873
-27861
-27860
-27847
-27846
-27835
-27829
-27820
-27804
-27803
-27781
-27780
-27759
-27752
-27723
-27720
-27672
-27656
-27646
-27637
-27631
-27625
-27621
-27616
-27603
-27598
-27588
-27563
-27554
-27549
-27540
-27532
-27505
-27482
-27470
-27465
-27462
-27461
-27458
-27455
-27451
-27429
-27409
-27407
-27404
-27370
-27367
-27359
-27358
-27354
-27343
-27334
-27322
-27319
-27310
-27287
-27284
-27280
-27261
-27251
-27249
-27246
-27244
-27196
-27190
-27184
-27162
-27159
-27114
-27090
-27083
-27074
-27073
-27071
-27054
-27052
-27043
-27041
-27035
-27034
-27033
-27025
-27005
-26995
-26991
-26990
-26982
-26965
-26951
-26937
-26930
-26921
-26920
-26917
-26909
-26900
-26891
-26887
-26877
-26861
-26860
-26858
-26817
-26803
-26799
-26778
-26777
-26766
-26760
-26743
-26727
-26723
-26712
-26697
-26695
-26657
-26641
-26632
-26631
-26621
-26610
-26597
-26585
-26571
-26568
-26565
-26546
-26545
-26540
-26513
-26447
-26445
-26442
-26432
-26426
-26423
-26397
-26395
-26388
-26385
-26381
-26380
-26373
-26364
-26357
-26337
-26313
-26292
-26287
-26280
-26277
-26274
-26260
-26248
-26244
-26243
-26225
-26223
-26222
-26221
-26219
-26218
-26206
-26200
-26184
-26165
-26164
-26150
-26131
-26129
-26114
-26064
-26063
-26058
-26056
-26054
-26046
-26013
-26012
-25994
-25986
-25983
-25978
-25962
-25955
-25949
-25947
-25939
-25938
-25923
-25901
-25889
-25887
-25882
-25860
-25855
-25845
-25840
-25838
-25825
-25816
-25814
-25807
-25799
-25798
-25777
-25763
-25729
-25713
-25673
-25661
-25644
-25642
-25626
-25624
-25620
-25587
-25580
-25577
-25571
-25564
-25553
-25552
-25551
-25525
-25506
-25499
-25495
-25488
-25478
-25460
-25447
-25423
-25421
-25411
-25389
-25382
-25374
-25369
-25363
-25362
-25359
-25358
-25353
-25344
-25343
-25330
-25329
-25322
-25318
-25296
-25273
-25272
-25253
-25233
-25221
-25219
-25203
-25198
-25191
-25179
-25169
-25163
-25160
-25152
-25146
-25145
-25143
-25121
-25114
-25094
-25090
-25085
-25049
-25047
-25031
-25029
-25023
-25018
-25017
-25000
-24997
-24995
-24989
-24986
-24983
-24968
-24967
-24947
-24942
-24941
-24940
-24930
-24918
-24843
-24836
-24819
-24818
-24798
-24797
-24771
-24758
-24749
-24748
-24747
-24738
-24733
-24721
-24719
-24700
-24695
-24694
-24686
-24685
-24673
-24667
-24635
-24621
-24614
-24612
-24608
-24606
-24597
-24587
-24577
-24576
-24568
-24562
-24561
-24548
-24545
-24530
-24523
-24521
-24519
-24510
-24508
-24504
-24502
-24496
-24491
-24488
-24482
-24463
-24455
-24453
-24447
-24441
-24438
-24436
-24402
-24393
-24385
-24375
-24371
-24358
-24316
-24310
-24304
-24300
-24291
-24288
-24285
-24280
-24277
-24275
-24269
-24262
-24233
-24231
-24219
-24204
-24184
-24164
-24122
-24110
-24105
-24099
-24076
-24073
-24054
-24043
-24042
-24032
-24031
-24017
-24008
-24007
-24006
-23975
-23971
-23968
-23950
-23946
-23937
-23934
-23932
-23924
-23919
-23913
-23905
-23896
-23886
-23872
-23865
-23860
-23836
-23832
-23815
-23813
-23808
-23792
-23781
-23768
-23766
-23749
-23738
-23720
-23714
-23710
-23702
-23695
-23685
-23677
-23664
-23659
-23635
-23627
-23618
-23613
-23604
-23603
-23563
-23548
-23545
-23541
-23534
-23524
-23514
-23493
-23484
-23478
-23474
-23464
-23463
-23455
-23438
-23434
-23432
-23427
-23416
-23406
-23402
-23398
-23394
-23382
-23379
-23367
-23342
-23330
-23317
-23308
-23301
-23296
-23288
-23272
-23258
-23254
-23228
-23207
-23204
-23201
-23197
-23182
-23165
-23149
-23147
-23108
-23106
-23105
-23092
-23081
-23071
-23066
-23064
-23052
-23050
-23040
-23037
-23029
-23005
-22999
-22991
-22984
-22966
-22965
-22962
-22959
-22952
-22930
-22927
-22925
-22922
-22917
-22899
-22896
-22894
-22892
-22886
-22868
-22861
-22839
-22813
-22808
-22806
-22805
-22785
-22768
-22757
-22740
-22738
-22728
-22726
-22707
-22699
-22698
-22693
-22691
-22682
-22671
-22663
-22660
-22658
-22652
-22643
-22611
-22593
-22580
-22568
-22524
-22520
-22515
-22514
-22508
-22501
-22499
-22458
-22452
-22446
-22443
-22404
-22394
-22386
-22354
-22324
-22293
-22267
-22265
-22261
-22257
-22243
-22232
-22230
-22229
-22202
-22196
-22184
-22164
-22150
-22130
-22080
-22069
-22063
-22055
-22050
-22029
-22001
-21989
-21982
-21977
-21967
-21962
-21930
-21929
-21920
-21906
-21888
-21883
-21880
-21873
-21867
-21840
-21832
-21831
-21826
-21815
-21806
-21784
-21782
-21781
-21775
-21771
-21764
-21754
-21740
-21737
-21715
-21685
-21674
-21654
-21646
-21638
-21635
-21627
-21625
-21616
-21606
-21600
-21594
-21586
-21569
-21566
-21559
-21545
-21530
-21527
-21521
-21515
-21512
-21507
-21504
-21500
-21498
-21487
-21482
-21480
-21470
-21461
-21458
-21449
-21446
-21417
-21411
-21402
-21392
-21375
-21351
-21348
-21344
-21343
-21329
-21282
-21272
-21271
-21263
-21258
-21247
-21240
-21232
-21229
-21192
-21169
-21161
-21107
-21105
-21101
-21099
-21093
-21092
-21080
-21078
-21075
-21073
-21063
-21045
-21044
-21041
-21032
-21028
-21021
-21017
-21000
-20932
-20930
-20916
-20912
-20905
-20903
-20891
-20887
-20885
-20845
-20843
-20839
-20838
-20821
-20816
-20800
-20789
-20780
-20778
-20754
-20735
-20733
-20728
-20727
-20725
-20721
-20719
-20707
-20686
-20656
-20653
-20652
-20651
-20624
-20612
-20608
-20591
-20584
-20578
-20566
-20564
-20556
-20549
-20548
-20519
-20501
-20493
-20491
-20481
-20475
-20473
-20472
-20471
-20448
-20443
-20442
-20432
-20402
-20397
-20390
-20388
-20374
-20349
-20345
-20337
-20335
-20334
-20324
-20316
-20301
-20300
-20294
-20264
-20218
-20190
-20153
-20152
-20147
-20141
-20135
-20125
-20123
-20122
-20120
-20085
-20058
-20037
-20036
-20032
-20030
-20025
-20024
-20014
-20013
-19988
-19987
-19971
-19969
-19954
-19943
-19942
-19934
-19932
-19928
-19923
-19922
-19918
-19916
-19914
-19907
-19882
-19877
-19875
-19849
-19848
-19847
-19840
-19839
-19838
-19835
-19822
-19819
-19787
-19783
-19776
-19766
-19761
-19752
-19733
-19717
-19705
-19704
-19702
-19699
-19676
-19670
-19669
-19667
-19664
-19655
-19654
-19650
-19638
-19599
-19594
-19591
-19588
-19579
-19540
-19518
-19508
-19494
-19468
-19458
-19435
-19422
-19419
-19416
-19415
-19413
-19380
-19376
-19369
-19360
-19357
-19349
-19346
-19333
-19289
-19265
-19255
-19249
-19248
-19223
-19222
-19209
-19203
-19194
-19190
-19187
-19185
-19180
-19167
-19149
-19137
-19131
-19129
-19107
-19101
-19080
-19076
-19074
-19073
-19069
-19048
-19045
-19034
-19025
-19021
-19016
-19015
-19008
-18988
-18979
-18977
-18969
-18940
-18938
-18934
-18930
-18923
-18915
-18904
-18899
-18879
-18863
-18841
-18833
-18830
-18827
-18826
-18800
-18792
-18788
-18785
-18764
-18760
-18749
-18739
-18723
-18708
-18705
-18697
-18695
-18664
-18661
-18659
-18638
-18623
-18616
-18615
-18611
-18602
-18584
-18575
-18570
-18567
-18557
-18552
-18551
-18542
-18538
-18532
-18526
-18520
-18512
-18504
-18498
-18486
-18470
-18466
-18456
-18452
-18445
-18433
-18427
-18423
-18417
-18411
-18408
-18406
-18395
-18358
-18345
-18340
-18312
-18307
-18299
-18292
-18268
-18251
-18233
-18229
-18226
-18225
-18199
-18198
-18191
-18188
-18183
-18182
-18177
-18176
-18171
-18166
-18155
-18152
-18144
-18137
-18118
-18111
-18110
-18084
-18059
-18058
-18055
-18044
-18042
-18028
-18016
-18004
-17984
-17974
-17941
-17939
-17915
-17901
-17883
-17862
-17858
-17855
-17839
-17836
-17832
-17829
-17817
-17808
-17805
-17789
-17771
-17761
-17750
-17737
-17722
-17715
-17714
-17675
-17658
-17631
-17624
-17619
-17618
-17616
-17605
-17599
-17586
-17584
-17582
-17581
-17573
-17557
-17550
-17529
-17493
-17480
-17477
-17476
-17471
-17469
-17460
-17419
-17414
-17407
-17388
-17386
-17370
-17350
-17332
-17330
-17325
-17316
-17314
-17312
-17310
-17293
-17290
-17281
-17266
-17265
-17263
-17250
-17231
-17210
-17204
-17203
-17181
-17169
-17138
-17133
-17129
-17119
-17109
-17103
-17100
-17096
-17067
-17036
-17034
-17015
-17002
-16985
-16983
-16977
-16960
-16958
-16951
-16948
-16947
-16920
-16918
-16909
-16900
-16895
-16889
-16886
-16882
-16881
-16869
-16864
-16858
-16847
-16845
-16839
-16835
-16791
-16778
-16770
-16762
-16747
-16744
-16742
-16740
-16725
-16701
-16700
-16699
-16693
-16685
-16681
-16643
-16641
-16639
-16625
-16622
-16618
-16617
-16611
-16607
-16586
-16559
-16544
-16517
-16500
-16460
-16442
-16441
-16414
-16413
-16392
-16390
-16386
-16376
-16350
-16332
-16314
-16306
-16303
-16297
-16295
-16275
-16244
-16241
-16236
-16232
-16217
-16204
-16195
-16181
-16170
-16158
-16123
-16116
-16111
-16075
-16073
-16072
-16060
-16057
-16051
-16045
-16034
-16026
-16021
-16013
-16008
-16007
-16000
-15999
-15971
-15967
-15951
-15934
-15921
-15919
-15905
-15903
-15900
-15892
-15889
-15875
-15844
-15822
-15812
-15808
-15795
-15789
-15783
-15777
-15774
-15765
-15744
-15725
-15707
-15676
-15673
-15662
-15656
-15655
-15652
-15647
-15642
-15630
-15627
-15626
-15618
-15608
-15582
-15574
-15568
-15566
-15552
-15548
-15546
-15532
-15531
-15525
-15514
-15509
-15507
-15505
-15490
-15489
-15485
-15481
-15472
-15443
-15436
-15431
-15397
-15394
-15378
-15373
-15367
-15362
-15346
-15343
-15329
-15325
-15297
-15289
-15278
-15267
-15255
-15247
-15240
-15233
-15208
-15207
-15176
-15170
-15165
-15160
-15159
-15153
-15151
-15130
-15127
-15123
-15109
-15107
-15095
-15088
-15069
-15067
-15056
-15023
-15020
-15012
-14978
-14975
-14955
-14954
-14937
-14930
-14901
-14892
-14883
-14875
-14835
-14826
-14804
-14775
-14769
-14748
-14747
-14746
-14731
-14730
-14728
-14721
-14716
-14715
-14709
-14691
-14681
-14671
-14668
-14664
-14649
-14638
-14637
-14627
-14624
-14614
-14593
-14590
-14589
-14572
-14565
-14550
-14542
-14522
-14465
-14438
-14434
-14430
-14428
-14424
-14421
-14411
-14402
-14396
-14385
-14383
-14375
-14374
-14371
-14363
-14358
-14353
-14345
-14334
-14328
-14322
-14318
-14317
-14312
-14311
-14307
-14305
-14300
-14255
-14241
-14226
-14211
-14191
-14188
-14180
-14176
-14175
-14128
-14123
-14077
-14075
-14069
-14064
-14062
-14059
-14054
-14051
-14027
-14026
-14024
-14021
-14015
-14006
-13995
-13994
-13958
-13946
-13940
-13938
-13930
-13927
-13926
-13921
-13920
-13913
-13901
-13890
-13888
-13849
-13822
-13821
-13804
-13803
-13797
-13796
-13792
-13788
-13784
-13782
-13768
-13759
-13758
-13757
-13746
-13740
-13736
-13721
-13707
-13706
-13705
-13697
-13663
-13655
-13615
-13604
-13603
-13591
-13580
-13579
-13574
-13544
-13542
-13535
-13528
-13524
-13521
-13511
-13500
-13479
-13463
-13444
-13440
-13436
-13426
-13407
-13388
-13383
-13379
-13376
-13367
-13358
-13353
-13352
-13349
-13338
-13329
-13293
-13292
-13283
-13253
-13248
-13247
-13237
-13228
-13209
-13199
-13197
-13189
-13186
-13181
-13168
-13162
-13128
-13119
-13112
-13110
-13088
-13073
-13058
-13029
-13024
-13022
-13021
-13011
-13009
-12995
-12979
-12975
-12973
-12966
-12965
-12963
-12948
-12939
-12937
-12931
-12909
-12897
-12889
-12874
-12862
-12836
-12819
-12814
-12810
-12804
-12778
-12769
-12756
-12752
-12709
-12704
-12690
-12658
-12640
-12637
-12634
-12628
-12611
-12607
-12602
-12584
-12565
-12537
-12517
-12514
-12505
-12490
-12484
-12482
-12479
-12476
-12471
-12447
-12432
-12427
-12421
-12375
-12368
-12367
-12347
-12346
-12338
-12324
-12306
-12279
-12278
-12274
-12257
-12251
-12236
-12235
-12221
-12209
-12195
-12194
-12186
-12180
-12179
-12170
-12134
-12126
-12123
-12101
-12096
-12082
-12080
-12076
-12069
-12068
-12051
-12044
-12043
-12022
-12006
-11960
-11941
-11923
-11916
-11913
-11912
-11907
-11900
-11894
-11873
-11866
-11857
-11856
-11848
-11838
-11837
-11830
-11824
-11807
-11806
-11803
-11795
-11789
-11787
-11766
-11762
-11750
-11744
-11741
-11718
-11706
-11700
-11671
-11668
-11635
-11630
-11623
-11611
-11589
-11588
-11561
-11554
-11534
-11519
-11506
-11500
-11488
-11482
-11481
-11445
-11433
-11407
-11405
-11394
-11369
-11359
-11354
-11345
-11343
-11333
-11320
-11318
-11309
-11285
-11273
-11269
-11263
-11245
-11240
-11238
-11237
-11223
-11210
-11183
-11179
-11166
-11158
-11154
-11149
-11143
-11096
-11088
-11087
-11082
-11081
-11080
-11068
-11052
-11047
-11041
-11037
-11019
-11013
-10986
-10979
-10953
-10952
-10951
-10936
-10932
-10931
-10929
-10919
-10893
-10887
-10872
-10865
-10849
-10846
-10830
-10810
-10800
-10793
-10788
-10784
-10780
-10767
-10760
-10759
-10756
-10748
-10735
-10722
-10718
-10684
-10664
-10650
-10645
-10626
-10618
-10615
-10607
-10601
-10598
-10584
-10569
-10548
-10540
-10533
-10516
-10491
-10465
-10452
-10443
-10442
-10434
-10431
-10423
-10409
-10408
-10392
-10386
-10374
-10356
-10349
-10320
-10315
-10298
-10294
-10290
-10269
-10264
-10257
-10253
-10224
-10220
-10219
-10207
-10176
-10155
-10149
-10132
-10128
-10123
-10119
-10108
-10096
-10082
-10077
-10066
-10062
-10061
-10033
-10032
-10021
-10015
-10010
-10000
-9999
-9983
-9979
-9959
-9948
-9933
-9918
-9904
-9882
-9838
-9831
-9815
-9796
-9789
-9788
-9786
-9775
-9756
-9755
-9717
-9711
-9703
-9702
-9698
-9694
-9691
-9687
-9686
-9683
-9671
-9666
-9660
-9658
-9637
-9625
-9624
-9620
-9617
-9599
-9593
-9590
-9587
-9586
-9585
-9575
-9564
-9562
-9552
-9548
-9537
-9522
-9516
-9504
-9471
-9467
-9463
-9462
-9458
-9450
-9439
-9429
-9428
-9426
-9424
-9423
-9407
-9389
-9383
-9375
-9351
-9347
-9337
-9329
-9304
-9301
-9291
-9288
-9279
-9278
-9263
-9248
-9247
-9246
-9239
-9236
-9221
-9217
-9211
-9185
-9183
-9170
-9157
-9156
-9149
-9133
-9123
-9121
-9116
-9079
-9076
-9069
-9067
-9030
-9014
-9009
-9002
-9000
-8995
-8991
-8976
-8969
-8962
-8948
-8943
-8930
-8926
-8923
-8916
-8913
-8912
-8907
-8888
-8887
-8857
-8853
-8850
-8847
-8831
-8828
-8825
-8803
-8788
-8771
-8767
-8757
-8742
-8740
-8736
-8734
-8733
-8730
-8726
-8720
-8713
-8693
-8692
-8690
-8683
-8681
-8678
-8667
-8663
-8648
-8632
-8631
-8630
-8620
-8599
-8594
-8576
-8574
-8561
-8556
-8549
-8548
-8543
-8525
-8511
-8489
-8487
-8471
-8451
-8436
-8425
-8419
-8415
-8414
-8413
-8396
-8393
-8388
-8375
-8358
-8350
-8349
-8326
-8297
-8290
-8286
-8282
-8273
-8256
-8241
-8238
-8229
-8210
-8204
-8191
-8157
-8129
-8128
-8121
-8117
-8098
-8095
-8080
-8074
-8072
-8057
-8043
-8041
-8040
-8013
-8006
-8002
-7989
-7985
-7968
-7962
-7955
-7948
-7943
-7940
-7938
-7928
-7926
-7925
-7884
-7871
-7858
-7855
-7851
-7842
-7830
-7817
-7816
-7793
-7791
-7754
-7742
-7736
-7734
-7654
-7618
-7606
-7592
-7566
-7564
-7524
-7515
-7492
-7487
-7481
-7473
-7462
-7452
-7443
-7439
-7431
-7427
-7424
-7421
-7420
-7415
-7411
-7393
-7360
-7351
-7340
-7334
-7332
-7330
-7314
-7309
-7308
-7300
-7282
-7279
-7278
-7270
-7268
-7257
-7254
-7239
-7225
-7202
-7195
-7182
-7172
-7163
-7149
-7123
-7097
-7078
-7068
-7066
-7060
-7047
-7039
-7011
-7010
-6993
-6991
-6989
-6988
-6987
-6978
-6977
-6971
-6965
-6963
-6958
-6957
-6905
-6903
-6900
-6872
-6870
-6866
-6861
-6856
-6854
-6853
-6839
-6829
-6818
-6816
-6808
-6790
-6788
-6782
-6777
-6766
-6765
-6757
-6751
-6749
-6740
-6727
-6723
-6717
-6715
-6693
-6684
-6657
-6656
-6646
-6640
-6637
-6630
-6623
-6608
-6596
-6574
-6573
-6544
-6541
-6535
-6519
-6516
-6497
-6490
-6477
-6419
-6412
-6402
-6389
-6379
-6370
-6368
-6348
-6337
-6332
-6331
-6329
-6315
-6304
-6296
-6292
-6287
-6282
-6276
-6265
-6251
-6248
-6243
-6239
-6231
-6230
-6224
-6218
-6198
-6193
-6189
-6170
-6159
-6136
-6135
-6130
-6119
-6115
-6095
-6081
-6079
-6064
-6026
-6019
-6009
-6006
-6000
-5993
-5982
-5973
-5971
-5936
-5931
-5924
-5912
-5911
-5905
-5902
-5872
-5857
-5853
-5844
-5834
-5820
-5805
-5802
-5801
-5795
-5791
-5772
-5722
-5660
-5655
-5631
-5611
-5605
-5592
-5581
-5558
-5543
-5540
-5509
-5498
-5488
-5483
-5469
-5457
-5447
-5445
-5442
-5422
-5417
-5411
-5393
-5370
-5366
-5359
-5355
-5332
-5331
-5325
-5300
-5298
-5284
-5278
-5274
-5255
-5245
-5240
-5232
-5217
-5205
-5183
-5170
-5169
-5164
-5160
-5158
-5146
-5131
-5115
-5105
-5091
-5088
-5086
-5085
-5074
-5032
-5028
-5012
-4998
-4979
-4953
-4947
-4905
-4895
-4894
-4883
-4873
-4855
-4841
-4828
-4826
-4825
-4802
-4801
-4791
-4774
-4758
-4733
-4708
-4682
-4666
-4639
-4631
-4629
-4628
-4611
-4605
-4595
-4590
-4589
-4588
-4584
-4579
-4573
-4572
-4569
-4565
-4560
-4546
-4543
-4539
-4526
-4522
-4516
-4514
-4510
-4479
-4476
-4473
-4468
-4462
-4451
-4438
-4434
-4432
-4428
-4420
-4419
-4414
-4400
-4395
-4385
-4360
-4311
-4302
-4300
-4299
-4289
-4255
-4207
-4205
-4187
-4153
-4141
-4139
-4125
-4119
-4118
-4113
-4102
-4101
-4088
-4086
-4064
-4063
-4049
-4048
-4047
-4044
-4042
-4023
-4019
-4013
-3991
-3990
-3986
-3984
-3982
-3969
-3966
-3955
-3943
-3937
-3935
-3915
-3895
-3894
-3880
-3876
-3860
-3845
-3836
-3809
-3806
-3761
-3737
-3732
-3726
-3714
-3706
-3701
-3699
-3678
-3663
-3653
-3635
-3616
-3597
-3576
-3569
-3560
-3549
-3548
-3541
-3511
-3497
-3494
-3487
-3471
-3465
-3460
-3458
-3444
-3435
-3431
-3402
-3392
-3379
-3369
-3368
-3342
-3334
-3317
-3312
-3283
-3264
-3232
-3222
-3205
-3195
-3180
-3175
-3157
-3149
-3143
-3137
-3123
-3122
-3120
-3098
-3094
-3080
-3075
-3065
-3049
-3044
-3019
-3010
-3009
-3008
-3004
-3001
-2999
-2988
-2982
-2966
-2935
-2927
-2925
-2918
-2906
-2902
-2880
-2877
-2867
-2859
-2853
-2842
-2822
-2817
-2786
-2779
-2777
-2772
-2752
-2736
-2716
-2709
-2704
-2699
-2691
-2657
-2649
-2638
-2619
-2601
-2599
-2591
-2581
-2568
-2563
-2560
-2553
-2545
-2534
-2527
-2526
-2520
-2513
-2495
-2493
-2486
-2466
-2460
-2456
-2428
-2420
-2417
-2391
-2370
-2360
-2349
-2327
-2316
-2299
-2298
-2280
-2271
-2269
-2268
-2239
-2237
-2228
-2218
-2209
-2183
-2159
-2154
-2151
-2139
-2134
-2133
-2127
-2119
-2108
-2095
-2073
-2070
-2069
-2037
-2032
-2029
-2027
-2017
-2016
-2012
-2008
-1989
-1971
-1967
-1949
-1942
-1940
-1937
-1925
-1920
-1919
-1908
-1893
-1890
-1887
-1873
-1868
-1848
-1818
-1807
-1778
-1773
-1760
-1746
-1736
-1715
-1701
-1700
-1674
-1672
-1666
-1663
-1662
-1657
-1642
-1633
-1630
-1626
-1622
-1615
-1607
-1594
-1584
-1575
-1574
-1561
-1558
-1557
-1544
-1537
-1533
-1532
-1515
-1498
-1496
-1475
-1474
-1447
-1438
-1437
-1433
-1430
-1417
-1413
-1391
-1388
-1387
-1362
-1361
-1351
-1339
-1330
-1328
-1326
-1318
-1309
-1287
-1279
-1275
-1263
-1249
-1248
-1228
-1221
-1220
-1214
-1203
-1194
-1175
-1168
-1165
-1164
-1163
-1160
-1152
-1132
-1131
-1127
-1126
-1124
-1115
-1105
-1090
-1088
-1061
-1050
-1000
-979
-946
-937
-935
-928
-913
-895
-888
-883
-872
-853
-843
-823
-810
-808
-803
-797
-786
-782
-771
-759
-752
-736
-731
-720
-703
-671
-669
-668
-634
-614
-608
-581
-560
-507
-494
-489
-463
-442
-439
-417
-414
-402
-397
-390
-384
-378
-367
-358
-346
-337
-334
-330
-325
-317
-293
-291
-288
-265
-260
-235
-224
-221
-215
-193
-173
-162
-159
-137
-134
-124
-116
-79
-77
-74
-70
-66
-53
-24
-18
16
17
39
52
53
65
73
79
88
91
100
114
117
126
131
145
149
151
152
161
188
198
210
240
249
252
296
303
326
331
342
343
344
346
348
364
366
392
405
412
432
435
442
443
447
449
450
457
470
477
483
486
493
504
512
517
521
527
537
576
586
591
600
614
632
641
651
656
666
693
704
711
713
718
725
741
766
767
774
778
790
792
795
797
800
824
837
839
870
877
878
920
930
968
972
978
1006
1010
1018
1028
1050
1063
1070
1072
1074
1098
1101
1104
1108
1114
1141
1142
1144
1145
1159
1160
1199
1232
1238
1244
1270
1271
1276
1278
1283
1289
1311
1322
1323
1335
1343
1345
1351
1355
1380
1389
1396
1408
1409
1415
1426
1428
1431
1432
1434
1449
1477
1482
1484
1492
1495
1503
1511
1520
1543
1554
1559
1569
1575
1589
1595
1598
1608
1613
1618
1630
1657
1659
1665
1692
1702
1714
1715
1720
1754
1763
1778
1791
1793
1794
1804
1806
1836
1853
1854
1855
1858
1868
1870
1901
1913
1917
1951
1956
1972
1996
2023
2026
2031
2038
2043
2056
2059
2065
2067
2073
2074
2075
2088
2130
2134
2139
2145
2172
2182
2183
2186
2188
2195
2199
2211
2231
2238
2239
2244
2258
2267
2274
2286
2287
2291
2302
2312
2316
2318
2356
2358
2371
2411
2415
2425
2439
2441
2445
2453
2454
2469
2497
2498
2499
2504
2511
2522
2532
2535
2540
2544
2552
2554
2556
2559
2572
2598
2608
2616
2624
2657
2691
2695
2697
2707
2727
2732
2738
2741
2752
2759
2761
2762
2775
2780
2790
2796
2799
2824
2836
2842
2849
2859
2861
2874
2876
2885
2915
2916
2918
2921
2923
2949
2952
2974
2989
3019
3022
3023
3035
3042
3043
3045
3051
3068
3069
3075
3086
3098
3126
3128
3151
3152
3155
3162
3218
3229
3259
3278
3287
3291
3299
3333
3360
3380
3431
3449
3457
3467
3468
3472
3474
3491
3505
3506
3522
3564
3566
3584
3586
3588
3597
3598
3599
3603
3604
3609
3621
3623
3629
3639
3642
3663
3671
3676
3681
3689
3708
3729
3740
3752
3762
3780
3786
3797
3800
3813
3816
3818
3820
3856
3881
3884
3898
3905
3909
3926
3961
3998
4010
4015
4018
4019
4030
4033
4037
4043
4051
4072
4092
4111
4112
4123
4146
4149
4161
4173
4174
4189
4201
4205
4208
4211
4215
4237
4254
4256
4266
4275
4277
4297
4298
4304
4323
4327
4329
4337
4343
4346
4366
4368
4372
4373
4374
4375
4396
4399
4401
4406
4418
4424
4428
4429
4433
4451
4490
4493
4496
4500
4512
4516
4529
4563
4566
4570
4579
4581
4585
4596
4600
4604
4606
4613
4618
4631
4638
4641
4642
4646
4665
4671
4692
4700
4705
4711
4735
4753
4758
4768
4775
4783
4796
4802
4812
4817
4836
4837
4841
4843
4856
4871
4883
4897
4903
4908
4910
4929
4935
4947
4959
4961
4983
4987
4989
5001
5011
5012
5025
5031
5034
5036
5037
5043
5048
5064
5072
5075
5092
5094
5100
5101
5102
5109
5130
5140
5147
5158
5161
5169
5172
5174
5178
5180
5183
5185
5186
5187
5191
5195
5199
5208
5216
5221
5233
5236
5251
5265
5272
5284
5285
5304
5310
5327
5334
5336
5399
5414
5422
5433
5444
5445
5454
5465
5473
5486
5489
5492
5494
5496
5498
5499
5533
5562
5564
5566
5567
5621
5623
5632
5635
5647
5648
5665
5669
5684
5694
5695
5708
5736
5738
5742
5743
5747
5762
5775
5779
5795
5813
5828
5832
5834
5843
5852
5856
5858
5868
5888
5889
5892
5893
5894
5897
5911
5917
5928
5931
5934
5935
5945
5964
5978
5987
5990
6008
6011
6013
6033
6046
6047
6050
6056
6063
6075
6093
6094
6095
6098
6103
6107
6110
6112
6116
6126
6127
6128
6129
6133
6142
6159
6164
6176
6182
6197
6202
6206
6211
6219
6233
6283
6289
6297
6309
6310
6313
6316
6317
6320
6325
6326
6327
6328
6342
6371
6373
6377
6381
6387
6388
6389
6399
6403
6404
6408
6423
6425
6427
6430
6436
6447
6456
6459
6460
6462
6473
6474
6476
6491
6509
6524
6526
6527
6532
6533
6536
6537
6542
6548
6552
6553
6557
6571
6582
6589
6600
6640
6660
6663
6665
6680
6682
6713
6717
6736
6743
6747
6772
6818
6819
6838
6845
6847
6876
6881
6882
6898
6903
6905
6906
6932
6935
6949
6952
6956
6973
6989
7017
7020
7037
7039
7057
7061
7103
7109
7110
7119
7125
7130
7135
7148
7155
7156
7165
7166
7168
7176
7182
7193
7195
7216
7218
7263
7271
7278
7296
7319
7332
7333
7345
7347
7377
7388
7394
7397
7403
7404
7412
7426
7453
7461
7466
7495
7504
7510
7529
7533
7542
7550
7570
7572
7580
7582
7583
7587
7594
7603
7607
7626
7658
7683
7686
7690
7693
7719
7724
7725
7726
7729
7733
7741
7766
7769
7772
7773
7774
7793
7809
7814
7817
7823
7830
7836
7840
7842
7850
7854
7855
7885
7896
7902
7903
7906
7907
7917
7922
7923
7935
7939
7951
7954
7988
7990
7995
8000
8018
8029
8034
8059
8063
8069
8088
8097
8122
8125
8138
8143
8150
8157
8161
8165
8169
8171
8195
8205
8215
8226
8237
8241
8261
8264
8266
8272
8274
8294
8295
8313
8325
8332
8342
8348
8358
8374
8386
8389
8402
8430
8438
8439
8440
8451
8468
8469
8470
8478
8483
8486
8492
8502
8503
8515
8517
8526
8530
8533
8570
8573
8598
8601
8623
8625
8635
8646
8652
8691
8696
8698
8701
8704
8711
8725
8739
8757
8758
8772
8782
8799
8806
8808
8817
8866
8877
8882
8931
8938
8948
8958
8962
8965
8986
8995
9012
9018
9048
9054
9079
9081
9104
9105
9108
9114
9118
9120
9144
9159
9162
9168
9179
9194
9195
9214
9235
9239
9265
9266
9270
9271
9281
9284
9292
9307
9309
9322
9325
9335
9339
9342
9351
9387
9398
9413
9424
9427
9436
9442
9447
9448
9451
9468
9475
9485
9492
9494
9497
9505
9516
9517
9519
9523
9528
9544
9573
9579
9586
9591
9595
9607
9611
9619
9630
9636
9638
9640
9643
9659
9668
9682
9702
9715
9722
9738
9745
9751
9756
9777
9786
9807
9831
9838
9886
9910
9914
9918
9919
9923
9938
9954
9964
9968
9978
9983
9990
9993
10014
10018
10027
10030
10044
10046
10054
10060
10074
10105
10106
10120
10148
10150
10151
10155
10174
10190
10191
10199
10202
10222
10227
10240
10244
10248
10255
10260
10304
10310
10314
10322
10349
10351
10356
10374
10399
10414
10436
10445
10449
10463
10479
10482
10510
10543
10553
10561
10571
10573
10575
10585
10589
10592
10598
10617
10626
10638
10645
10653
10668
10673
10683
10687
10707
10718
10724
10729
10732
10735
10746
10764
10765
10775
10802
10805
10824
10831
10847
10900
10901
10902
10939
10942
10949
10966
10967
11015
11033
11045
11048
11058
11074
11088
11106
11110
11129
11133
11143
11151
11162
11169
11172
11201
11207
11216
11246
11267
11281
11302
11324
11333
11340
11363
11369
11381
11400
11402
11405
11409
11418
11456
11467
11485
11500
11512
11519
11525
11544
11549
11555
11556
11561
11563
11578
11604
11611
11652
11653
11691
11701
11711
11712
11726
11761
11763
11784
11787
11790
11792
11819
11830
11831
11845
11863
11882
11893
11902
11918
11922
11947
11956
11957
11961
11963
11986
11990
12000
12009
12026
12031
12032
12040
12046
12062
12071
12072
12076
12079
12097
12130
12132
12140
12147
12153
12157
12161
12162
12169
12186
12188
12203
12214
12218
12232
12233
12234
12240
12241
12248
12249
12253
12257
12281
12288
12292
12298
12309
12320
12322
12328
12331
12332
12341
12354
12364
12373
12379
12380
12381
12389
12391
12396
12411
12418
12420
12431
12437
12463
12477
12511
12519
12522
12552
12559
12562
12567
12572
12577
12587
12602
12615
12635
12636
12660
12666
12679
12683
12686
12698
12748
12749
12756
12759
12760
12763
12766
12768
12773
12777
12788
12811
12819
12829
12834
12845
12862
12887
12901
12925
12937
12950
12956
12961
12964
12968
12971
12979
12985
13002
13003
13005
13008
13026
13032
13045
13064
13075
13078
13115
13135
13140
13163
13170
13214
13218
13237
13246
13248
13263
13294
13298
13305
13306
13311
13338
13359
13390
13395
13397
13398
13428
13440
13445
13449
13451
13462
13463
13471
13481
13487
13489
13513
13515
13526
13531
13536
13547
13554
13563
13565
13573
13574
13588
13590
13594
13608
13628
13661
13669
13675
13677
13678
13681
13684
13685
13690
13693
13698
13715
13717
13719
13733
13746
13768
13776
13793
13800
13804
13807
13811
13838
13842
13843
13849
13871
13881
13887
13888
13894
13898
13915
13916
13917
13922
13924
13935
13948
13951
13954
13975
13984
13992
14007
14008
14014
14017
14031
14033
14040
14074
14078
14082
14091
14103
14116
14124
14142
14151
14153
14165
14173
14181
14187
14191
14193
14198
14206
14211
14212
14222
14223
14227
14235
14242
14245
14268
14283
14294
14295
14299
14309
14331
14350
14351
14364
14367
14387
14402
14408
14413
14414
14415
14423
14426
14439
14441
14442
14456
14458
14498
14499
14508
14511
14518
14526
14536
14556
14559
14568
14579
14585
14588
14605
14609
14617
14631
14637
14638
14648
14653
14656
14661
14671
14679
14685
14704
14708
14710
14721
14727
14742
14755
14758
14768
14772
14782
14783
14791
14798
14799
14807
14815
14816
14827
14829
14832
14844
14856
14870
14879
14882
14884
14885
14898
14900
14902
14906
14909
14911
14914
14917
14928
14937
14949
14984
14986
14990
15028
15031
15032
15038
15052
15054
15058
15060
15062
15068
15069
15082
15083
15096
15106
15107
15110
15116
15119
15151
15161
15182
15205
15220
15262
15268
15290
15320
15322
15324
15327
15336
15344
15351
15355
15363
15384
15386
15394
15405
15416
15417
15418
15449
15450
15466
15481
15485
15496
15501
15513
15526
15534
15535
15541
15551
15563
15568
15580
15585
15587
15588
15596
15597
15601
15626
15633
15648
15677
15682
15697
15718
15720
15741
15743
15748
15751
15756
15765
15767
15784
15787
15802
15816
15817
15826
15848
15849
15856
15857
15858
15867
15883
15900
15907
15909
15914
15923
15927
15953
15955
15960
15994
16008
16015
16017
16028
16040
16049
16054
16058
16059
16065
16074
16083
16085
16087
16092
16152
16154
16157
16213
16217
16243
16246
16253
16270
16276
16284
16296
16305
16308
16327
16334
16343
16357
16361
16363
16369
16384
16387
16390
16399
16419
16452
16453
16460
16464
16483
16507
16514
16517
16524
16525
16545
16546
16552
16563
16572
16577
16588
16635
16671
16681
16693
16705
16712
16727
16738
16751
16776
16786
16802
16807
16812
16813
16833
16840
16847
16861
16864
16865
16867
16870
16875
16880
16883
16887
16930
16942
16945
16962
16978
16980
16985
16997
17000
17009
17029
17044
17056
17059
17063
17075
17076
17086
17090
17114
17116
17135
17144
17145
17151
17164
17167
17173
17181
17187
17195
17207
17212
17232
17255
17256
17272
17277
17287
17299
17301
17302
17319
17322
17327
17331
17338
17340
17343
17345
17346
17349
17356
17372
17393
17405
17407
17437
17442
17452
17454
17457
17460
17476
17478
17486
17487
17491
17492
17503
17513
17533
17546
17547
17570
17578
17581
17583
17585
17588
17592
17602
17613
17623
17632
17650
17705
17707
17709
17714
17723
17728
17750
17762
17768
17775
17794
17796
17801
17807
17815
17833
17839
17849
17857
17862
17874
17891
17894
17895
17897
17900
17912
17914
17915
17917
17941
17954
17968
17978
17979
17981
17983
17985
18003
18009
18016
18024
18029
18032
18056
18060
18061
18097
18101
18102
18109
18116
18132
18134
18138
18157
18158
18159
18160
18165
18176
18186
18191
18207
18240
18260
18278
18282
18289
18297
18300
18305
18306
18311
18315
18333
18343
18346
18357
18372
18383
18405
18417
18440
18456
18497
18511
18524
18534
18546
18549
18572
18588
18594
18602
18615
18616
18625
18632
18639
18657
18666
18671
18677
18681
18684
18695
18697
18726
18732
18733
18737
18738
18745
18752
18755
18759
18760
18765
18770
18785
18788
18795
18799
18804
18814
18817
18821
18823
18829
18832
18851
18858
18862
18864
18903
18909
18910
18929
18944
18950
18956
18969
18975
18977
18982
18984
18997
19021
19041
19049
19053
19091
19098
19104
19107
19118
19121
19124
19128
19163
19177
19190
19204
19206
19209
19216
19234
19248
19260
19264
19277
19280
19289
19303
19313
19314
19325
19338
19348
19350
19370
19375
19413
19416
19428
19441
19456
19473
19488
19494
19496
19516
19529
19531
19540
19546
19549
19572
19579
19585
19590
19596
19601
19604
19610
19643
19645
19660
19665
19670
19686
19696
19702
19705
19708
19720
19732
19747
19749
19756
19767
19776
19777
19779
19786
19787
19789
19793
19795
19805
19816
19834
19836
19845
19862
19867
19868
19880
19891
19916
19920
19935
19942
19949
19968
19973
19984
19985
19988
19991
19995
20042
20063
20064
20070
20081
20082
20087
20092
20097
20099
20101
20110
20117
20138
20144
20151
20169
20173
20196
20201
20202
20213
20214
20225
20248
20265
20275
20281
20286
20308
20312
20323
20338
20341
20347
20357
20373
20380
20386
20388
20389
20393
20398
20409
20415
20418
20426
20432
20439
20442
20448
20455
20462
20468
20476
20522
20543
20546
20547
20569
20593
20603
20612
20613
20625
20627
20632
20633
20649
20657
20701
20717
20727
20748
20790
20798
20807
20825
20828
20831
20838
20842
20857
20863
20864
20865
20891
20909
20910
20911
20924
20926
20927
20929
20932
20955
20966
20976
20977
20992
21000
21012
21015
21037
21057
21060
21064
21065
21068
21082
21104
21106
21128
21132
21137
21174
21177
21210
21218
21242
21259
21283
21296
21320
21331
21341
21354
21369
21375
21382
21389
21398
21399
21459
21464
21467
21468
21469
21476
21480
21491
21492
21511
21527
21542
21544
21550
21554
21563
21564
21572
21575
21578
21605
21606
21623
21628
21632
21642
21651
21653
21656
21659
21662
21682
21683
21693
21707
21723
21732
21737
21740
21745
21754
21776
21780
21782
21790
21812
21815
21819
21829
21843
21845
21852
21856
21871
21877
21885
21892
21900
21903
21907
21912
21913
21921
21959
21963
21987
21997
22002
22016
22023
22037
22045
22050
22055
22057
22086
22093
22095
22101
22114
22127
22128
22133
22146
22156
22157
22168
22173
22177
22197
22201
22207
22209
22222
22226
22231
22233
22242
22259
22264
22288
22291
22294
22295
22308
22313
22335
22336
22343
22344
22353
22383
22385
22396
22406
22410
22421
22426
22432
22434
22454
22468
22479
22487
22488
22504
22509
22515
22522
22530
22535
22562
22566
22570
22582
22596
22599
22605
22607
22618
22634
22656
22668
22669
22697
22698
22718
22725
22726
22729
22736
22742
22746
22751
22767
22781
22832
22858
22869
22878
22879
22889
22918
22920
22931
22936
22980
22982
23027
23028
23045
23053
23054
23068
23078
23099
23106
23110
23114
23115
23118
23122
23135
23137
23162
23164
23182
23192
23193
23197
23200
23206
23214
23215
23225
23228
23231
23249
23256
23271
23280
23284
23291
23297
23302
23317
23333
23337
23347
23349
23351
23352
23361
23364
23370
23371
23375
23394
23404
23415
23424
23426
23428
23439
23446
23448
23454
23479
23496
23502
23505
23513
23514
23516
23517
23544
23545
23549
23553
23561
23563
23565
23578
23582
23584
23601
23602
23614
23620
23631
23635
23643
23654
23680
23682
23684
23686
23692
23704
23710
23718
23746
23753
23756
23757
23758
23761
23768
23773
23793
23807
23808
23822
23831
23855
23874
23877
23886
23890
23909
23921
23927
23950
23979
24012
24013
24018
24032
24036
24042
24046
24047
24048
24057
24079
24092
24102
24107
24110
24111
24113
24121
24146
24148
24159
24168
24170
24172
24177
24180
24181
24185
24187
24188
24222
24230
24250
24283
24293
24298
24305
24307
24324
24346
24348
24355
24356
24398
24406
24411
24427
24466
24474
24480
24482
24515
24516
24522
24526
24534
24536
24555
24559
24574
24584
24601
24604
24610
24621
24626
24629
24645
24653
24660
24669
24670
24683
24701
24703
24723
24725
24745
24748
24768
24783
24798
24802
24805
24810
24824
24832
24833
24863
24868
24879
24904
24919
24920
24925
24926
24947
24950
24961
24969
24974
24978
24996
24999
25000
25002
25004
25027
25047
25054
25068
25075
25082
25092
25112
25124
25137
25170
25176
25219
25244
25257
25261
25275
25276
25307
25325
25343
25352
25355
25363
25370
25371
25372
25380
25381
25390
25406
25408
25418
25419
25425
25427
25435
25436
25461
25479
25483
25505
25507
25519
25531
25555
25556
25576
25577
25599
25619
25633
25657
25660
25661
25671
25672
25741
25744
25749
25766
25769
25776
25777
25778
25780
25791
25795
25804
25809
25811
25826
25838
25853
25854
25860
25866
25867
25890
25891
25896
25911
25926
25929
25951
25956
25958
25961
25975
25997
26003
26007
26009
26012
26019
26020
26023
26026
26028
26063
26066
26074
26075
26076
26080
26089
26093
26098
26099
26101
26122
26134
26152
26157
26175
26185
26186
26195
26213
26215
26242
26262
26266
26268
26273
26276
26283
26305
26315
26317
26321
26323
26332
26333
26339
26347
26349
26352
26358
26361
26367
26375
26378
26382
26387
26407
26413
26427
26429
26431
26445
26452
26454
26461
26467
26483
26485
26494
26498
26500
26503
26515
26522
26533
26540
26547
26561
26562
26568
26574
26576
26593
26600
26613
26615
26620
26625
26683
26690
26698
26710
26722
26727
26740
26765
26791
26797
26820
26831
26851
26852
26855
26864
26867
26881
26893
26897
26899
26901
26902
26906
26919
26923
26930
26931
26945
26949
26995
26996
26998
27002
27006
27028
27032
27052
27068
27078
27089
27130
27148
27157
27160
27167
27174
27191
27192
27202
27225
27227
27233
27238
27241
27242
27248
27261
27263
27265
27287
27290
27291
27294
27298
27318
27324
27333
27340
27342
27374
27376
27399
27412
27417
27431
27449
27473
27489
27490
27507
27508
27524
27526
27554
27560
27567
27592
27609
27627
27642
27655
27659
27675
27676
27695
27709
27722
27734
27750
27769
27772
27780
27787
27788
27789
27797
27813
27820
27839
27841
27851
27869
27875
27896
27899
27921
27924
27933
27937
27953
27954
27982
27985
28003
28011
28019
28022
28045
28046
28047
28052
28071
28074
28078
28084
28086
28093
28101
28102
28108
28130
28138
28176
28178
28184
28189
28199
28200
28216
28241
28243
28269
28294
28308
28325
28333
28344
28353
28363
28365
28372
28398
28399
28407
28410
28435
28446
28455
28461
28466
28467
28494
28510
28525
28531
28537
28553
28554
28561
28572
28577
28581
28589
28594
28610
28627
28642
28648
28658
28663
28666
28669
28687
28692
28699
28707
28708
28732
28742
28759
28770
28771
28773
28786
28793
28802
28803
28813
28823
28828
28837
28843
28854
28892
28902
28904
28906
28922
28926
28973
28976
28983
28995
29004
29014
29018
29046
29063
29084
29107
29113
29116
29117
29122
29126
29132
29139
29141
29154
29163
29169
29190
29193
29215
29221
29231
29242
29255
29266
29281
29290
29291
29295
29315
29318
29323
29333
29337
29338
29346
29347
29359
29362
29375
29381
29384
29438
29441
29442
29443
29446
29450
29451
29465
29466
29473
29479
29490
29493
29528
29562
29576
29586
29589
29594
29596
29598
29607
29635
29638
29644
29655
29670
29689
29693
29702
29709
29710
29716
29725
29727
29730
29734
29744
29762
29775
29777
29778
29780
29787
29802
29810
29841
29845
29852
29875
29887
29891
29901
29904
29907
29908
29913
29916
29934
29939
29942
29947
29951
29958
29961
29970
29974
29976
29980
29993
30007
30032
30059
30085
30086
30089
30102
30106
30107
30113
30130
30131
30139
30141
30154
30173
30179
30187
30193
30196
30229
30244
30251
30262
30264
30267
30296
30298
30301
30317
30318
30321
30336
30347
30350
30367
30368
30386
30390
30391
30402
30420
30431
30434
30445
30455
30482
30498
30510
30514
30520
30525
30535
30558
30560
30571
30586
30595
30604
30613
30620
30622
30629
30645
30654
30669
30693
30694
30705
30713
30716
30721
30724
30737
30753
30756
30757
30796
30798
30811
30813
30819
30826
30848
30852
30857
30866
30869
30870
30877
30881
30890
30894
30898
30902
30908
30910
30914
30921
30927
30931
30950
30954
30955
30971
30978
30989
31001
31004
31007
31010
31023
31044
31052
31061
31062
31066
31074
31093
31097
31101
31125
31133
31139
31159
31160
31164
31182
31185
31202
31203
31209
31216
31225
31230
31233
31235
31237
31263
31269
31278
31285
31288
31305
31321
31326
31334
31344
31349
31371
31374
31379
31384
31388
31390
31404
31410
31415
31416
31424
31426
31430
31433
31453
31479
31481
31504
31511
31515
31543
31546
31554
31560
31564
31567
31573
31579
31588
31597
31615
31619
31634
31639
31642
31645
31646
31710
31715
31722
31729
31730
31740
31753
31768
31795
31797
31805
31819
31839
31848
31856
31863
31865
31867
31868
31873
31883
31888
31890
31902
31915
31926
31947
31950
31970
31988
32010
32028
32033
32041
32055
32067
32072
32089
32095
32107
32114
32119
32121
32141
32162
32171
32173
32177
32187
32207
32211
32219
32243
32250
32252
32273
32276
32277
32284
32293
32294
32299
32305
32315
32317
32318
32327
32340
32359
32370
32374
32387
32395
32423
32426
32453
32457
32464
32481
32488
32490
32491
32494
32498
32514
32517
32518
32530
32537
32563
32590
32596
32602
32613
32614
32616
32634
32649
32652
32657
32663
32667
32679
32690
32697
32738
32752
32758
32777
32783
32799
32807
32813
32821
32830
32845
32854
32857
32863
32875
32876
32878
32889
32900
32904
32911
32912
32926
32931
32941
32952
32960
32961
32964
32973
32975
32989
33019
33026
33034
33040
33045
33047
33058
33063
33106
33117
33148
33166
33176
33183
33198
33199
33209
33237
33246
33248
33261
33268
33271
33277
33280
33284
33285
33288
33290
33298
33300
33304
33351
33355
33360
33371
33389
33396
33397
33398
33417
33438
33448
33452
33463
33479
33498
33504
33509
33520
33536
33542
33560
33568
33571
33573
33591
33612
33653
33665
33669
33680
33684
33685
33689
33693
33698
33720
33727
33731
33736
33740
33746
33765
33784
33792
33807
33808
33809
33830
33840
33844
33861
33867
33870
33871
33877
33883
33887
33889
33895
33945
33951
33960
33970
33979
34004
34019
34027
34029
34048
34058
34066
34068
34070
34080
34085
34093
34095
34098
34100
34101
34143
34145
34150
34155
34160
34164
34182
34188
34194
34198
34216
34218
34225
34231
34232
34235
34269
34277
34296
34297
34303
34317
34318
34324
34328
34335
34336
34340
34345
34357
34379
34380
34391
34394
34396
34426
34443
34445
34455
34480
34485
34492
34504
34505
34506
34524
34535
34541
34547
34549
34553
34589
34595
34615
34631
34640
34661
34668
34680
34682
34706
34724
34776
34782
34793
34794
34807
34813
34829
34857
34881
34885
34894
34903
34937
34962
34988
35005
35009
35016
35028
35041
35053
35065
35067
35075
35092
35098
35108
35121
35163
35184
35186
35190
35204
35222
35231
35234
35239
35253
35254
35264
35281
35284
35293
35308
35319
35321
35329
35347
35351
35361
35362
35364
35372
35387
35396
35402
35416
35432
35437
35449
35468
35469
35479
35498
35555
35564
35578
35580
35591
35594
35600
35607
35608
35615
35620
35624
35645
35646
35649
35654
35655
35658
35660
35696
35701
35706
35718
35722
35729
35736
35747
35750
35754
35758
35770
35774
35775
35778
35785
35796
35798
35807
35818
35825
35833
35864
35868
35874
35893
35905
35907
35910
35918
35931
35944
35951
35952
36004
36023
36038
36047
36058
36071
36077
36115
36118
36151
36153
36157
36174
36179
36186
36190
36197
36204
36206
36217
36232
36262
36271
36287
36300
36335
36393
36422
36426
36428
36436
36446
36451
36471
36500
36511
36521
36526
36527
36557
36586
36595
36620
36626
36627
36660
36668
36678
36679
36687
36709
36729
36739
36768
36775
36776
36779
36781
36784
36796
36836
36841
36853
36858
36866
36879
36885
36894
36899
36904
36907
36922
36934
36936
36946
36947
36953
36955
36960
36963
36972
36974
36975
36985
36991
37001
37007
37015
37036
37047
37050
37068
37071
37088
37134
37149
37154
37156
37160
37164
37167
37178
37186
37208
37210
37218
37236
37256
37264
37270
37281
37295
37297
37302
37314
37326
37327
37331
37336
37338
37347
37368
37376
37379
37387
37392
37398
37402
37425
37429
37434
37440
37474
37483
37489
37491
37495
37516
37532
37545
37553
37555
37557
37560
37574
37587
37600
37604
37620
37663
37668
37678
37688
37699
37732
37749
37759
37774
37785
37798
37809
37811
37814
37815
37817
37831
37840
37843
37844
37862
37868
37884
37891
37910
37913
37933
37938
37955
37963
37971
37984
37996
37998
38000
38012
38016
38031
38048
38057
38063
38098
38100
38104
38111
38113
38125
38131
38133
38136
38138
38140
38155
38185
38189
38213
38214
38216
38225
38230
38232
38234
38238
38250
38251
38274
38278
38303
38320
38326
38346
38361
38398
38402
38408
38410
38413
38417
38457
38463
38464
38466
38470
38473
38483
38486
38512
38519
38558
38566
38568
38571
38572
38577
38596
38604
38608
38614
38619
38626
38632
38635
38639
38661
38668
38672
38684
38696
38698
38701
38733
38745
38746
38749
38755
38760
38785
38794
38797
38798
38802
38815
38821
38827
38833
38843
38846
38873
38882
38898
38912
38919
38927
38933
38941
38948
38954
38962
38989
39005
39006
39020
39026
39027
39038
39039
39065
39066
39067
39068
39079
39082
39090
39095
39110
39149
39150
39201
39203
39213
39218
39231
39262
39276
39282
39307
39310
39335
39340
39343
39344
39346
39359
39380
39384
39404
39405
39413
39417
39426
39484
39495
39528
39532
39536
39546
39551
39571
39577
39587
39589
39590
39595
39608
39621
39628
39669
39685
39688
39699
39709
39710
39723
39727
39733
39741
39750
39756
39757
39772
39773
39786
39793
39804
39808
39821
39832
39835
39866
39902
39935
39958
39972
39974
39985
39992
40004
40034
40044
40049
40091
40104
40109
40110
40120
40123
40138
40167
40173
40198
40213
40224
40240
40262
40278
40284
40295
40303
40304
40308
40318
40374
40376
40377
40378
40382
40385
40392
40395
40405
40415
40423
40434
40440
40444
40452
40458
40459
40467
40468
40470
40472
40475
40478
40498
40502
40505
40538
40539
40543
40548
40575
40581
40583
40584
40597
40602
40604
40611
40612
40623
40630
40631
40633
40636
40656
40661
40669
40672
40681
40692
40696
40713
40727
40738
40785
40789
40790
40797
40802
40809
40819
40822
40827
40828
40832
40834
40835
40837
40842
40845
40848
40849
40854
40855
40873
40874
40876
40900
40904
40908
40911
40941
40951
40958
40963
40972
40979
40981
40985
41010
41014
41044
41066
41084
41088
41091
41126
41134
41138
41168
41177
41188
41201
41231
41232
41242
41243
41271
41283
41291
41320
41327
41339
41343
41350
41371
41372
41385
41386
41389
41406
41418
41430
41439
41442
41497
41500
41503
41516
41532
41550
41554
41556
41564
41585
41588
41602
41621
41636
41641
41646
41659
41661
41692
41700
41716
41727
41736
41753
41767
41787
41811
41827
41828
41829
41883
41892
41898
41900
41917
41919
41920
41927
41956
41975
41982
42011
42012
42016
42019
42026
42032
42040
42043
42048
42050
42053
42090
42092
42116
42124
42126
42131
42152
42168
42172
42186
42203
42215
42267
42285
42325
42339
42340
42343
42345
42365
42366
42369
42372
42376
42380
42384
42385
42390
42400
42436
42448
42461
42467
42472
42493
42511
42512
42515
42520
42533
42548
42553
42558
42568
42574
42598
42626
42641
42673
42682
42687
42696
42700
42702
42711
42723
42735
42743
42749
42754
42771
42782
42788
42798
42801
42805
42806
42812
42822
42838
42840
42854
42859
42862
42867
42868
42889
42891
42909
42944
42949
42952
42953
42970
42984
42993
43004
43020
43027
43063
43079
43100
43102
43115
43116
43124
43126
43148
43151
43152
43164
43165
43168
43184
43196
43208
43228
43251
43265
43266
43267
43268
43270
43295
43298
43314
43346
43369
43380
43385
43403
43418
43420
43422
43423
43429
43433
43441
43466
43501
43502
43515
43523
43525
43532
43539
43545
43559
43571
43574
43582
43585
43588
43590
43606
43610
43616
43623
43638
43642
43648
43672
43686
43687
43708
43723
43739
43748
43752
43779
43795
43800
43803
43813
43816
43822
43824
43846
43857
43871
43873
43875
43881
43889
43892
43896
43909
43920
43923
43966
43974
43975
44012
44013
44025
44033
44039
44042
44043
44054
44070
44079
44089
44119
44123
44153
44174
44183
44184
44190
44193
44203
44211
44218
44222
44230
44239
44244
44246
44248
44254
44278
44296
44297
44301
44307
44331
44335
44338
44343
44351
44367
44368
44372
44373
44399
44405
44415
44452
44473
44476
44477
44479
44483
44484
44487
44492
44517
44532
44553
44575
44581
44591
44593
44599
44609
44616
44619
44621
44624
44627
44660
44673
44681
44686
44687
44689
44692
44693
44695
44709
44725
44726
44733
44752
44776
44794
44808
44813
44827
44829
44840
44842
44853
44863
44865
44873
44874
44878
44899
44918
44933
44985
44993
45003
45019
45027
45039
45042
45044
45056
45106
45119
45132
45141
45153
45172
45187
45217
45223
45247
45251
45269
45291
45294
45311
45315
45346
45353
45359
45373
45380
45384
45398
45399
45427
45439
45443
45447
45466
45477
45498
45507
45523
45527
45542
45576
45586
45610
45621
45628
45630
45643
45680
45681
45682
45685
45705
45708
45714
45719
45722
45729
45746
45749
45770
45773
45782
45783
45789
45800
45825
45835
45856
45860
45894
45924
45927
45936
45937
45942
45946
45950
45954
45959
45977
45979
45983
45984
45990
45996
46006
46007
46008
46039
46053
46058
46068
46095
46101
46107
46112
46129
46136
46148
46151
46152
46204
46217
46218
46235
46260
46261
46264
46288
46303
46304
46314
46318
46321
46329
46340
46355
46362
46376
46382
46392
46405
46409
46420
46432
46434
46452
46487
46499
46511
46527
46530
46538
46543
46554
46558
46566
46567
46615
46638
46647
46652
46655
46657
46674
46686
46688
46697
46704
46707
46710
46711
46721
46726
46729
46743
46763
46773
46785
46790
46791
46805
46806
46813
46821
46826
46829
46830
46832
46833
46839
46840
46847
46859
46867
46905
46910
46928
46960
46995
46997
47015
47035
47037
47047
47071
47073
47080
47092
47094
47095
47104
47120
47132
47137
47142
47157
47158
47160
47163
47165
47181
47186
47190
47194
47196
47200
47206
47208
47221
47222
47233
47255
47265
47280
47305
47312
47324
47328
47329
47332
47349
47351
47386
47388
47396
47427
47450
47451
47460
47470
47472
47506
47507
47520
47527
47541
47542
47543
47552
47595
47604
47611
47615
47617
47620
47627
47678
47682
47699
47709
47721
47727
47731
47782
47825
47831
47843
47844
47848
47849
47851
47860
47866
47888
47903
47909
47910
47915
47927
47959
47966
47968
47975
47980
47981
47983
48005
48031
48036
48041
48054
48075
48081
48086
48092
48094
48096
48099
48104
48116
48130
48133
48146
48173
48184
48191
48193
48194
48204
48213
48218
48222
48245
48274
48288
48291
48295
48318
48322
48323
48330
48338
48366
48369
48374
48376
48400
48401
48406
48409
48410
48444
48445
48449
48467
48486
48489
48544
48548
48580
48591
48594
48606
48617
48620
48621
48622
48623
48642
48669
48675
48686
48693
48695
48701
48704
48721
48732
48735
48739
48742
48744
48754
48755
48760
48783
48787
48801
48810
48813
48816
48823
48832
48847
48863
48867
48892
48895
48900
48914
48927
48952
48971
48985
48997
49013
49015
49019
49026
49038
49042
49053
49058
49060
49081
49082
49086
49105
49109
49114
49156
49172
49191
49197
49203
49205
49208
49209
49233
49234
49237
49249
49259
49270
49284
49337
49339
49347
49348
49353
49357
49373
49379
49380
49383
49385
49387
49388
49395
49400
49417
49433
49457
49489
49501
49554
49571
49581
49586
49590
49604
49616
49620
49634
49642
49652
49656
49658
49663
49671
49674
49691
49700
49704
49711
49714
49722
49728
49748
49751
49782
49787
49788
49791
49802
49804
49814
49823
49832
49848
49850
49854
49857
49864
49871
49878
49892
49903
49905
49915
49918
49932
49934
49935
49939
49950
49971
49980
