1000
-4985
-4982
-4970
-4957
-4943
-4935
-4928
-4921
-4916
-4896
-4895
-4882
-4879
-4869
-4867
-4849
-4817
-4809
-4794
-4787
-4758
-4732
-4731
-4728
-4712
-4702
-4682
-4657
-4656
-4650
-4633
-4621
-4619
-4606
-4602
-4596
-4584
-4576
-4575
-4566
-4551
-4539
-4535
-4508
-4500
-4499
-4495
-4490
-4456
-4454
-4448
-4447
-4429
-4423
-4420
-4418
-4407
-4403
-4395
-4375
-4374
-4369
-4367
-4361
-4348
-4338
-4331
-4317
-4306
-4302
-4294
-4291
-4275
-4266
-4258
-4245
-4236
-4234
-4224
-4223
-4221
-4218
-4173
-4168
-4153
-4152
-4139
-4137
-4126
-4114
-4109
-4098
-4076
-4047
-4045
-4041
-4039
-3975
-3951
-3940
-3929
-3926
-3877
-3866
-3865
-3851
-3849
-3845
-3840
-3839
-3825
-3812
-3807
-3806
-3791
-3789
-3786
-3783
-3762
-3760
-3755
-3743
-3742
-3714
-3708
-3704
-3702
-3700
-3696
-3682
-3674
-3662
-3652
-3641
-3634
-3616
-3611
-3589
-3580
-3537
-3534
-3533
-3508
-3482
-3481
-3456
-3452
-3425
-3424
-3423
-3420
-3416
-3409
-3400
-3391
-3381
-3362
-3353
-3349
-3348
-3343
-3332
-3322
-3314
-3312
-3308
-3307
-3299
-3298
-3289
-3285
-3283
-3280
-3256
-3251
-3249
-3246
-3219
-3215
-3209
-3202
-3197
-3185
-3163
-3158
-3156
-3142
-3136
-3133
-3130
-3111
-3087
-3084
-3082
-3075
-3072
-3064
-3058
-3053
-3051
-3039
-3029
-3025
-3019
-3012
-3011
-3001
-2997
-2988
-2984
-2968
-2960
-2951
-2933
-2917
-2913
-2878
-2876
-2849
-2844
-2842
-2840
-2837
-2802
-2780
-2778
-2774
-2773
-2768
-2763
-2746
-2745
-2732
-2704
-2701
-2696
-2694
-2676
-2667
-2665
-2663
-2661
-2660
-2652
-2651
-2644
-2631
-2599
-2595
-2583
-2578
-2573
-2572
-2561
-2559
-2542
-2540
-2533
-2527
-2518
-2485
-2472
-2468
-2429
-2424
-2394
-2379
-2375
-2358
-2345
-2340
-2327
-2312
-2293
-2287
-2286
-2258
-2247
-2244
-2236
-2234
-2229
-2226
-2223
-2220
-2215
-2212
-2205
-2203
-2188
-2185
-2177
-2175
-2168
-2161
-2150
-2111
-2100
-2085
-2079
-2066
-2054
-2049
-2035
-2028
-2021
-2010
-2006
-2000
-1966
-1962
-1947
-1928
-1919
-1913
-1892
-1887
-1878
-1824
-1820
-1805
-1800
-1786
-1783
-1781
-1756
-1727
-1721
-1696
-1686
-1673
-1660
-1657
-1649
-1638
-1629
-1621
-1604
-1602
-1601
-1598
-1593
-1588
-1587
-1564
-1552
-1521
-1512
-1480
-1457
-1450
-1436
-1432
-1429
-1419
-1403
-1398
-1373
-1372
-1364
-1356
-1348
-1346
-1336
-1328
-1324
-1316
-1307
-1299
-1295
-1285
-1262
-1253
-1248
-1245
-1215
-1213
-1198
-1179
-1171
-1169
-1162
-1143
-1135
-1129
-1125
-1119
-1112
-1098
-1074
-1067
-1062
-1057
-1051
-1037
-1016
-1006
-997
-990
-988
-982
-967
-962
-957
-942
-941
-923
-922
-918
-912
-893
-889
-877
-872
-870
-869
-859
-817
-792
-787
-783
-725
-719
-716
-685
-643
-638
-624
-610
-572
-567
-552
-533
-532
-530
-529
-523
-517
-504
-499
-487
-483
-477
-468
-467
-463
-457
-451
-449
-439
-429
-406
-391
-382
-378
-371
-354
-351
-333
-317
-307
-301
-298
-288
-280
-268
-264
-260
-231
-229
-227
-224
-223
-217
-214
-213
-199
-196
-193
-181
-175
-167
-162
-157
-153
-133
-110
-108
-102
-98
-93
-89
-77
-64
-53
-47
-43
-30
-26
-25
-21
-15
-9
-7
4
17
28
30
31
60
71
82
90
119
120
137
146
150
153
157
160
168
172
182
189
196
212
214
240
246
247
269
272
279
289
291
293
294
301
305
312
318
320
324
331
337
346
350
354
365
382
401
403
429
436
442
445
451
455
467
478
497
517
530
531
548
557
564
621
664
665
704
750
767
773
799
803
823
832
856
858
866
881
896
931
952
958
988
993
998
1000
1001
1007
1034
1058
1081
1085
1094
1095
1111
1118
1165
1176
1178
1181
1206
1216
1217
1248
1249
1263
1281
1293
1296
1316
1319
1320
1323
1328
1336
1341
1352
1370
1371
1377
1398
1403
1410
1419
1442
1463
1476
1478
1499
1500
1503
1506
1512
1515
1539
1540
1562
1568
1575
1577
1584
1598
1608
1610
1624
1628
1643
1650
1652
1668
1699
1706
1711
1714
1728
1755
1766
1774
1787
1790
1793
1799
1808
1814
1825
1828
1832
1846
1847
1852
1876
1890
1894
1897
1905
1907
1929
1940
1944
1951
1958
1960
1974
1982
1993
2015
2025
2026
2037
2042
2047
2064
2066
2067
2071
2081
2092
2107
2122
2128
2130
2133
2137
2141
2157
2180
2200
2204
2207
2216
2233
2243
2246
2251
2255
2270
2271
2285
2308
2311
2331
2348
2359
2365
2371
2400
2408
2428
2432
2440
2469
2475
2481
2493
2519
2528
2529
2532
2539
2552
2573
2576
2595
2599
2601
2634
2640
2641
2644
2654
2658
2660
2678
2679
2680
2682
2685
2694
2706
2710
2729
2746
2748
2753
2770
2774
2775
2782
2807
2809
2814
2815
2816
2818
2820
2822
2828
2876
2880
2913
2932
2943
2954
2955
2960
2971
2974
3001
3014
3020
3022
3026
3038
3070
3089
3093
3107
3116
3123
3125
3181
3184
3191
3193
3212
3223
3228
3239
3248
3253
3255
3297
3300
3304
3307
3312
3325
3326
3330
3335
3366
3369
3383
3391
3393
3410
3462
3467
3470
3493
3494
3503
3510
3515
3522
3523
3560
3572
3577
3587
3592
3594
3604
3612
3635
3637
3642
3651
3696
3698
3703
3705
3707
3719
3729
3735
3737
3744
3752
3753
3773
3776
3779
3810
3828
3839
3841
3843
3846
3866
3869
3871
3899
3900
3909
3916
3917
3920
3927
3941
3948
3951
3961
3962
3981
3987
4009
4010
4012
4018
4036
4037
4041
4044
4055
4061
4064
4065
4067
4071
4074
4078
4083
4092
4094
4105
4110
4119
4134
4144
4153
4157
4159
4161
4165
4168
4183
4189
4190
4205
4210
4212
4218
4226
4228
4232
4233
4243
4249
4294
4298
4303
4326
4346
4356
4361
4365
4371
4382
4388
4410
4417
4420
4428
4451
4456
4458
4461
4466
4468
4479
4485
4492
4500
4529
4536
4543
4552
4554
4560
4609
4610
4643
4649
4667
4685
4715
4725
4734
4737
4738
4741
4763
4771
4785
4790
4791
4792
4805
4811
4823
4828
4841
4842
4857
4900
4916
4920
4925
4965
4967
4972
4973
4983
4998
