1000
-1664
-1656
-1655
-1652
-1647
-1646
-1645
-1644
-1635
-1630
-1629
-1627
-1621
-1617
-1616
-1610
-1609
-1603
-1598
-1593
-1592
-1590
-1588
-1587
-1586
-1583
-1582
-1575
-1570
-1567
-1564
-1563
-1562
-1555
-1554
-1553
-1549
-1548
-1538
-1528
-1527
-1521
-1514
-1507
-1506
-1505
-1497
-1493
-1488
-1486
-1485
-1478
-1473
-1457
-1445
-1444
-1442
-1441
-1439
-1432
-1426
-1421
-1418
-1416
-1415
-1413
-1412
-1410
-1402
-1395
-1392
-1388
-1387
-1383
-1376
-1374
-1370
-1363
-1360
-1359
-1357
-1355
-1348
-1347
-1334
-1328
-1327
-1324
-1320
-1318
-1314
-1309
-1300
-1298
-1285
-1283
-1282
-1281
-1280
-1273
-1268
-1261
-1259
-1257
-1256
-1251
-1250
-1248
-1241
-1240
-1238
-1236
-1234
-1231
-1225
-1221
-1220
-1213
-1212
-1206
-1204
-1201
-1198
-1197
-1196
-1194
-1188
-1183
-1180
-1178
-1176
-1171
-1168
-1166
-1150
-1149
-1148
-1141
-1138
-1137
-1136
-1134
-1133
-1130
-1126
-1124
-1114
-1109
-1105
-1104
-1099
-1097
-1093
-1087
-1083
-1082
-1075
-1068
-1063
-1060
-1056
-1052
-1051
-1047
-1046
-1045
-1043
-1040
-1026
-1025
-1018
-1017
-1013
-1012
-1005
-1004
-997
-995
-992
-986
-984
-983
-975
-965
-958
-957
-955
-949
-944
-938
-934
-927
-921
-920
-919
-917
-916
-915
-912
-903
-901
-896
-895
-891
-883
-866
-865
-864
-863
-862
-860
-857
-843
-840
-838
-834
-831
-823
-822
-821
-819
-816
-815
-814
-813
-811
-806
-804
-797
-787
-785
-784
-782
-771
-768
-767
-761
-758
-753
-749
-745
-740
-738
-734
-731
-728
-727
-723
-720
-716
-709
-705
-701
-700
-699
-697
-694
-689
-688
-686
-684
-680
-677
-671
-670
-668
-664
-663
-658
-656
-655
-654
-650
-649
-648
-645
-642
-635
-632
-625
-624
-621
-620
-617
-612
-611
-608
-607
-604
-600
-599
-598
-596
-591
-590
-588
-587
-584
-576
-572
-571
-569
-568
-562
-555
-553
-551
-550
-543
-540
-537
-534
-532
-528
-527
-526
-516
-515
-512
-511
-510
-509
-505
-503
-502
-499
-494
-493
-484
-476
-473
-471
-470
-465
-463
-462
-460
-458
-454
-451
-447
-439
-430
-423
-420
-418
-415
-410
-409
-405
-401
-399
-397
-395
-394
-390
-387
-385
-382
-375
-373
-370
-366
-364
-361
-357
-354
-352
-347
-341
-337
-333
-331
-329
-314
-312
-303
-302
-296
-292
-291
-287
-286
-282
-281
-278
-271
-266
-265
-264
-258
-257
-254
-250
-246
-245
-242
-240
-239
-233
-232
-228
-227
-226
-223
-221
-217
-212
-207
-203
-198
-196
-194
-185
-181
-179
-178
-177
-176
-172
-171
-170
-169
-167
-162
-155
-154
-153
-152
-151
-148
-146
-143
-142
-138
-137
-136
-134
-133
-132
-131
-130
-129
-120
-119
-118
-111
-109
-105
-103
-102
-101
-99
-95
-92
-89
-88
-85
-81
-79
-77
-74
-72
-71
-70
-68
-66
-63
-59
-50
-49
-48
-47
-45
-42
-34
-30
-25
-24
-21
-19
-13
-12
-11
-9
-4
-2
-1
1
3
4
5
8
11
12
13
22
24
26
27
32
36
37
38
41
42
46
48
52
59
60
61
62
65
66
72
76
77
82
86
88
89
95
103
110
112
113
116
118
124
126
127
128
129
136
138
143
145
146
157
161
162
163
167
168
173
174
175
178
180
184
186
200
202
203
207
209
211
218
221
225
227
240
247
248
253
254
256
260
264
265
267
270
275
276
277
282
290
294
296
297
303
304
305
307
308
309
312
316
318
322
324
327
330
338
340
345
347
350
353
355
359
365
370
372
377
378
383
385
386
388
391
396
397
403
414
418
423
424
425
429
434
435
437
438
442
444
445
446
447
448
449
451
458
459
468
472
474
476
477
478
481
483
495
497
499
501
506
509
519
523
535
538
542
544
552
556
557
561
564
565
568
569
570
571
573
579
580
584
590
592
593
598
601
604
615
616
619
620
622
623
626
627
628
629
630
633
634
636
637
640
642
643
644
648
649
652
657
659
664
666
672
675
678
680
683
685
687
701
703
712
715
717
720
731
736
739
741
743
744
745
749
752
753
755
758
765
769
780
782
785
790
797
802
803
804
806
811
812
815
816
817
818
822
824
833
834
836
837
839
842
843
845
847
848
852
858
859
860
862
867
868
873
876
877
884
885
886
889
890
892
899
901
905
913
916
917
919
923
924
925
929
934
942
943
949
953
954
960
961
966
971
972
974
979
981
985
986
987
988
992
997
1003
1008
1009
1010
1011
1014
1020
1024
1028
1029
1030
1035
1039
1042
1048
1050
1053
1056
1057
1058
1059
1060
1065
1069
1076
1081
1090
1091
1093
1094
1097
1108
1111
1112
1119
1123
1137
1140
1142
1143
1147
1148
1156
1157
1169
1174
1176
1177
1179
1181
1184
1185
1190
1191
1192
1197
1204
1205
1211
1213
1216
1217
1218
1230
1232
1238
1239
1240
1241
1242
1245
1247
1254
1255
1271
1274
1276
1277
1278
1279
1280
1282
1287
1288
1294
1299
1304
1314
1316
1319
1321
1326
1331
1332
1340
1346
1347
1349
1351
1352
1356
1357
1359
1364
1366
1371
1373
1374
1376
1379
1380
1385
1390
1391
1396
1397
1409
1412
1414
1419
1421
1423
1425
1426
1433
1434
1437
1441
1443
1444
1448
1450
1455
1457
1462
1470
1473
1477
1481
1485
1486
1489
1491
1492
1498
1499
1503
1505
1508
1509
1511
1514
1515
1516
1518
1519
1521
1524
1529
1536
1545
1549
1552
1555
1556
1566
1567
1570
1574
1575
1577
1578
1583
1585
1593
1594
1597
1601
1602
1603
1604
1608
1609
1613
1615
1616
1618
1621
1622
1627
1628
1629
1640
1645
1650
1664
1665
1666
