10000
-16666
-16664
-16658
-16657
-16656
-16655
-16651
-16650
-16643
-16639
-16637
-16636
-16635
-16634
-16632
-16626
-16623
-16621
-16616
-16614
-16608
-16604
-16600
-16594
-16590
-16584
-16583
-16581
-16577
-16576
-16574
-16568
-16566
-16563
-16558
-16556
-16554
-16553
-16548
-16542
-16540
-16534
-16529
-16527
-16526
-16518
-16517
-16511
-16507
-16506
-16504
-16502
-16500
-16498
-16497
-16493
-16492
-16491
-16486
-16480
-16478
-16473
-16472
-16470
-16457
-16456
-16455
-16450
-16449
-16447
-16445
-16442
-16439
-16438
-16437
-16435
-16434
-16429
-16428
-16424
-16423
-16417
-16416
-16408
-16406
-16403
-16402
-16401
-16398
-16392
-16389
-16388
-16387
-16386
-16385
-16384
-16383
-16379
-16372
-16371
-16370
-16369
-16365
-16361
-16357
-16352
-16351
-16346
-16342
-16339
-16335
-16334
-16330
-16329
-16327
-16320
-16317
-16315
-16314
-16310
-16305
-16304
-16301
-16298
-16295
-16291
-16286
-16284
-16282
-16279
-16278
-16273
-16272
-16270
-16262
-16261
-16254
-16250
-16243
-16236
-16230
-16222
-16220
-16214
-16212
-16209
-16207
-16205
-16201
-16200
-16197
-16196
-16193
-16188
-16182
-16178
-16175
-16169
-16166
-16162
-16155
-16154
-16151
-16149
-16143
-16142
-16141
-16139
-16138
-16137
-16133
-16131
-16128
-16127
-16126
-16125
-16123
-16116
-16112
-16111
-16110
-16109
-16107
-16102
-16099
-16098
-16094
-16091
-16086
-16083
-16082
-16081
-16080
-16077
-16072
-16065
-16062
-16061
-16059
-16051
-16050
-16049
-16047
-16045
-16044
-16043
-16040
-16037
-16036
-16031
-16029
-16017
-16014
-16003
-15997
-15996
-15994
-15993
-15990
-15986
-15979
-15978
-15975
-15971
-15970
-15967
-15965
-15959
-15956
-15948
-15940
-15936
-15935
-15933
-15924
-15913
-15911
-15910
-15905
-15902
-15899
-15898
-15896
-15893
-15889
-15888
-15886
-15882
-15880
-15877
-15870
-15869
-15868
-15867
-15864
-15863
-15860
-15853
-15847
-15846
-15845
-15843
-15841
-15840
-15839
-15838
-15837
-15833
-15828
-15827
-15824
-15823
-15818
-15814
-15810
-15806
-15803
-15801
-15800
-15799
-15798
-15791
-15790
-15779
-15775
-15774
-15771
-15764
-15758
-15753
-15743
-15739
-15737
-15730
-15729
-15723
-15722
-15719
-15715
-15709
-15707
-15703
-15700
-15695
-15694
-15683
-15681
-15680
-15678
-15677
-15675
-15667
-15652
-15651
-15646
-15644
-15638
-15634
-15632
-15630
-15619
-15613
-15612
-15611
-15610
-15609
-15605
-15604
-15602
-15597
-15593
-15592
-15584
-15581
-15579
-15578
-15574
-15571
-15569
-15566
-15564
-15559
-15558
-15557
-15544
-15542
-15540
-15535
-15534
-15533
-15532
-15530
-15528
-15527
-15524
-15523
-15521
-15507
-15503
-15501
-15500
-15493
-15488
-15485
-15483
-15482
-15479
-15476
-15473
-15471
-15462
-15461
-15457
-15453
-15452
-15451
-15450
-15443
-15442
-15441
-15439
-15433
-15422
-15418
-15415
-15414
-15412
-15402
-15400
-15399
-15396
-15390
-15389
-15387
-15383
-15382
-15380
-15379
-15374
-15371
-15367
-15364
-15361
-15359
-15358
-15351
-15350
-15349
-15345
-15336
-15335
-15334
-15329
-15327
-15320
-15314
-15309
-15308
-15306
-15304
-15301
-15294
-15289
-15283
-15280
-15271
-15270
-15269
-15267
-15265
-15264
-15258
-15253
-15252
-15251
-15248
-15247
-15243
-15234
-15229
-15228
-15226
-15214
-15211
-15210
-15209
-15208
-15205
-15204
-15196
-15194
-15190
-15188
-15186
-15181
-15179
-15173
-15170
-15165
-15163
-15161
-15149
-15147
-15144
-15143
-15142
-15140
-15119
-15116
-15107
-15104
-15103
-15099
-15096
-15093
-15092
-15089
-15086
-15084
-15082
-15075
-15072
-15069
-15055
-15050
-15046
-15044
-15039
-15036
-15035
-15033
-15023
-15021
-15017
-15014
-15013
-15007
-15004
-14995
-14981
-14979
-14978
-14974
-14972
-14968
-14966
-14965
-14960
-14959
-14956
-14944
-14941
-14934
-14930
-14917
-14915
-14903
-14901
-14900
-14899
-14897
-14895
-14891
-14888
-14881
-14879
-14873
-14867
-14865
-14863
-14861
-14859
-14857
-14856
-14851
-14849
-14845
-14842
-14838
-14831
-14828
-14819
-14816
-14811
-14808
-14806
-14803
-14800
-14786
-14785
-14784
-14779
-14777
-14776
-14775
-14769
-14760
-14755
-14752
-14751
-14750
-14749
-14747
-14744
-14743
-14740
-14738
-14734
-14730
-14726
-14722
-14720
-14711
-14710
-14702
-14697
-14690
-14689
-14684
-14682
-14680
-14678
-14676
-14670
-14669
-14667
-14666
-14663
-14661
-14656
-14654
-14652
-14648
-14643
-14642
-14640
-14636
-14635
-14631
-14629
-14628
-14620
-14610
-14608
-14607
-14603
-14601
-14599
-14598
-14590
-14589
-14587
-14577
-14572
-14567
-14563
-14562
-14559
-14556
-14555
-14551
-14550
-14545
-14537
-14536
-14534
-14531
-14524
-14519
-14514
-14505
-14499
-14492
-14490
-14486
-14481
-14480
-14478
-14477
-14476
-14474
-14469
-14466
-14463
-14458
-14455
-14452
-14450
-14445
-14439
-14436
-14428
-14421
-14420
-14415
-14412
-14408
-14406
-14405
-14402
-14398
-14397
-14393
-14391
-14390
-14389
-14388
-14387
-14386
-14381
-14380
-14374
-14373
-14372
-14369
-14368
-14367
-14366
-14365
-14364
-14363
-14362
-14361
-14360
-14353
-14352
-14347
-14345
-14342
-14333
-14332
-14330
-14329
-14328
-14326
-14323
-14321
-14319
-14316
-14310
-14309
-14306
-14297
-14293
-14290
-14285
-14284
-14283
-14282
-14278
-14277
-14276
-14272
-14269
-14268
-14267
-14262
-14261
-14258
-14251
-14239
-14237
-14233
-14232
-14225
-14220
-14216
-14214
-14211
-14205
-14197
-14195
-14192
-14190
-14181
-14174
-14170
-14169
-14156
-14155
-14150
-14148
-14146
-14144
-14142
-14139
-14133
-14131
-14129
-14128
-14126
-14122
-14121
-14120
-14116
-14114
-14112
-14109
-14104
-14103
-14100
-14099
-14097
-14096
-14087
-14083
-14080
-14078
-14075
-14072
-14070
-14068
-14066
-14063
-14061
-14058
-14055
-14052
-14045
-14044
-14040
-14039
-14034
-14030
-14028
-14027
-14017
-14012
-14010
-14009
-14007
-13999
-13998
-13994
-13990
-13989
-13987
-13983
-13980
-13971
-13961
-13959
-13958
-13957
-13952
-13948
-13934
-13931
-13920
-13918
-13917
-13910
-13900
-13897
-13890
-13886
-13885
-13878
-13876
-13874
-13871
-13866
-13863
-13861
-13860
-13850
-13844
-13842
-13841
-13839
-13836
-13826
-13823
-13822
-13821
-13816
-13815
-13813
-13812
-13810
-13807
-13804
-13800
-13799
-13797
-13793
-13784
-13783
-13781
-13780
-13775
-13771
-13767
-13764
-13759
-13756
-13754
-13753
-13745
-13744
-13743
-13739
-13737
-13735
-13734
-13733
-13709
-13706
-13700
-13698
-13691
-13688
-13684
-13677
-13668
-13660
-13659
-13657
-13656
-13653
-13651
-13650
-13649
-13647
-13635
-13633
-13619
-13617
-13609
-13608
-13606
-13605
-13594
-13591
-13588
-13583
-13582
-13579
-13577
-13576
-13574
-13573
-13572
-13571
-13566
-13562
-13556
-13553
-13552
-13549
-13548
-13545
-13542
-13540
-13538
-13536
-13531
-13529
-13527
-13523
-13522
-13519
-13516
-13509
-13507
-13503
-13498
-13484
-13482
-13479
-13477
-13464
-13462
-13457
-13454
-13452
-13448
-13443
-13442
-13441
-13437
-13432
-13428
-13424
-13418
-13411
-13407
-13402
-13397
-13395
-13394
-13389
-13387
-13386
-13381
-13380
-13373
-13372
-13369
-13355
-13354
-13353
-13348
-13345
-13342
-13341
-13340
-13338
-13336
-13331
-13329
-13328
-13327
-13324
-13323
-13313
-13308
-13304
-13301
-13296
-13291
-13283
-13282
-13280
-13274
-13271
-13265
-13259
-13257
-13255
-13254
-13250
-13248
-13246
-13244
-13240
-13239
-13238
-13237
-13234
-13231
-13230
-13228
-13225
-13224
-13219
-13210
-13204
-13203
-13202
-13199
-13197
-13192
-13191
-13190
-13189
-13188
-13187
-13177
-13176
-13175
-13173
-13166
-13157
-13149
-13148
-13131
-13130
-13121
-13120
-13117
-13115
-13114
-13113
-13112
-13110
-13106
-13100
-13099
-13096
-13095
-13092
-13088
-13087
-13071
-13067
-13064
-13063
-13059
-13057
-13056
-13052
-13047
-13042
-13038
-13035
-13034
-13025
-13024
-13022
-13019
-13014
-13013
-13010
-13002
-12998
-12995
-12988
-12980
-12968
-12965
-12964
-12954
-12952
-12942
-12932
-12930
-12929
-12925
-12924
-12920
-12917
-12902
-12895
-12894
-12893
-12892
-12890
-12881
-12876
-12872
-12871
-12868
-12863
-12851
-12850
-12849
-12847
-12845
-12841
-12839
-12831
-12827
-12823
-12821
-12820
-12817
-12813
-12812
-12802
-12796
-12793
-12792
-12786
-12781
-12780
-12778
-12777
-12766
-12764
-12762
-12758
-12757
-12755
-12754
-12752
-12740
-12735
-12733
-12731
-12729
-12724
-12720
-12715
-12714
-12712
-12706
-12698
-12694
-12691
-12690
-12689
-12688
-12684
-12683
-12681
-12678
-12673
-12672
-12671
-12669
-12667
-12666
-12665
-12655
-12652
-12648
-12641
-12639
-12637
-12632
-12629
-12627
-12626
-12625
-12624
-12615
-12609
-12605
-12598
-12596
-12594
-12593
-12591
-12590
-12588
-12587
-12580
-12576
-12574
-12564
-12562
-12561
-12559
-12558
-12557
-12547
-12539
-12537
-12536
-12534
-12529
-12527
-12523
-12521
-12520
-12508
-12503
-12500
-12490
-12488
-12485
-12477
-12476
-12471
-12470
-12460
-12458
-12454
-12453
-12449
-12448
-12447
-12446
-12444
-12442
-12437
-12432
-12429
-12427
-12419
-12418
-12417
-12415
-12414
-12403
-12400
-12399
-12394
-12392
-12388
-12386
-12381
-12380
-12378
-12377
-12376
-12375
-12373
-12372
-12365
-12360
-12351
-12346
-12345
-12342
-12334
-12333
-12331
-12327
-12324
-12322
-12321
-12318
-12316
-12315
-12312
-12309
-12305
-12303
-12297
-12296
-12295
-12280
-12277
-12270
-12269
-12260
-12259
-12258
-12257
-12256
-12254
-12245
-12242
-12240
-12238
-12236
-12224
-12223
-12220
-12208
-12206
-12205
-12200
-12199
-12198
-12197
-12194
-12192
-12186
-12180
-12177
-12173
-12170
-12166
-12165
-12161
-12160
-12157
-12156
-12154
-12148
-12146
-12145
-12141
-12136
-12134
-12133
-12129
-12121
-12114
-12111
-12108
-12105
-12103
-12102
-12101
-12093
-12090
-12083
-12082
-12073
-12071
-12070
-12067
-12063
-12062
-12061
-12059
-12058
-12057
-12053
-12052
-12050
-12046
-12045
-12043
-12036
-12034
-12028
-12021
-12016
-12013
-12012
-12010
-12008
-12003
-12001
-11998
-11996
-11989
-11988
-11983
-11980
-11979
-11972
-11968
-11965
-11962
-11954
-11953
-11952
-11949
-11948
-11945
-11941
-11937
-11934
-11933
-11925
-11922
-11917
-11915
-11914
-11913
-11909
-11905
-11903
-11900
-11896
-11895
-11891
-11890
-11887
-11886
-11884
-11882
-11881
-11880
-11875
-11874
-11871
-11864
-11856
-11854
-11851
-11850
-11847
-11844
-11838
-11836
-11832
-11823
-11816
-11814
-11813
-11812
-11809
-11807
-11806
-11804
-11803
-11802
-11800
-11796
-11795
-11788
-11787
-11786
-11785
-11784
-11782
-11777
-11776
-11775
-11773
-11772
-11758
-11751
-11750
-11747
-11746
-11744
-11742
-11740
-11735
-11730
-11726
-11725
-11724
-11723
-11719
-11718
-11715
-11712
-11706
-11700
-11699
-11698
-11693
-11691
-11690
-11684
-11682
-11678
-11677
-11673
-11668
-11660
-11657
-11653
-11651
-11650
-11647
-11646
-11645
-11641
-11635
-11634
-11622
-11620
-11618
-11617
-11616
-11613
-11611
-11609
-11605
-11599
-11597
-11594
-11591
-11588
-11584
-11583
-11579
-11569
-11568
-11561
-11558
-11555
-11551
-11549
-11540
-11539
-11535
-11534
-11530
-11529
-11523
-11521
-11516
-11512
-11503
-11499
-11496
-11492
-11491
-11490
-11489
-11484
-11482
-11475
-11472
-11466
-11464
-11462
-11460
-11457
-11455
-11452
-11449
-11441
-11435
-11434
-11433
-11430
-11427
-11420
-11416
-11415
-11412
-11408
-11406
-11405
-11404
-11394
-11387
-11385
-11383
-11378
-11375
-11374
-11371
-11369
-11366
-11361
-11359
-11356
-11349
-11348
-11346
-11344
-11342
-11341
-11338
-11337
-11336
-11334
-11331
-11330
-11327
-11325
-11324
-11320
-11314
-11308
-11306
-11304
-11296
-11289
-11288
-11285
-11283
-11279
-11276
-11274
-11272
-11271
-11268
-11267
-11263
-11258
-11257
-11255
-11254
-11250
-11238
-11237
-11232
-11224
-11223
-11220
-11218
-11216
-11215
-11214
-11211
-11210
-11203
-11201
-11200
-11197
-11195
-11194
-11190
-11186
-11184
-11177
-11172
-11168
-11154
-11149
-11147
-11145
-11137
-11135
-11134
-11132
-11124
-11123
-11116
-11112
-11104
-11103
-11100
-11098
-11094
-11091
-11088
-11084
-11082
-11079
-11078
-11077
-11075
-11073
-11070
-11069
-11065
-11056
-11053
-11051
-11049
-11047
-11046
-11043
-11034
-11033
-11030
-11020
-11013
-11007
-11003
-10997
-10996
-10995
-10993
-10992
-10991
-10986
-10982
-10980
-10976
-10975
-10972
-10971
-10968
-10966
-10964
-10962
-10959
-10958
-10957
-10950
-10949
-10944
-10938
-10933
-10929
-10925
-10918
-10917
-10912
-10907
-10904
-10902
-10901
-10898
-10897
-10895
-10894
-10889
-10887
-10881
-10879
-10878
-10876
-10875
-10873
-10869
-10866
-10865
-10863
-10862
-10861
-10857
-10850
-10848
-10846
-10844
-10841
-10840
-10836
-10834
-10833
-10831
-10821
-10819
-10818
-10817
-10803
-10797
-10796
-10794
-10793
-10792
-10789
-10788
-10784
-10783
-10782
-10774
-10773
-10770
-10768
-10767
-10766
-10764
-10760
-10756
-10753
-10748
-10744
-10742
-10741
-10736
-10733
-10732
-10731
-10725
-10723
-10722
-10721
-10708
-10706
-10699
-10696
-10692
-10689
-10688
-10683
-10682
-10680
-10675
-10674
-10671
-10669
-10660
-10658
-10657
-10655
-10649
-10647
-10646
-10645
-10638
-10637
-10632
-10628
-10627
-10626
-10625
-10624
-10622
-10617
-10615
-10611
-10602
-10601
-10595
-10593
-10586
-10581
-10580
-10579
-10576
-10575
-10570
-10565
-10564
-10562
-10561
-10560
-10558
-10553
-10552
-10551
-10550
-10545
-10538
-10537
-10532
-10530
-10529
-10515
-10503
-10500
-10488
-10487
-10485
-10484
-10482
-10480
-10479
-10469
-10467
-10465
-10460
-10445
-10442
-10432
-10428
-10420
-10415
-10414
-10409
-10408
-10403
-10402
-10401
-10397
-10396
-10394
-10393
-10391
-10390
-10386
-10384
-10382
-10381
-10380
-10378
-10376
-10365
-10361
-10354
-10353
-10352
-10350
-10347
-10337
-10336
-10334
-10326
-10324
-10319
-10317
-10315
-10308
-10301
-10297
-10290
-10284
-10281
-10280
-10277
-10273
-10267
-10265
-10261
-10260
-10258
-10255
-10249
-10248
-10247
-10246
-10245
-10240
-10238
-10235
-10228
-10227
-10226
-10223
-10218
-10211
-10208
-10206
-10205
-10204
-10201
-10200
-10199
-10193
-10191
-10185
-10180
-10179
-10176
-10174
-10162
-10156
-10153
-10149
-10141
-10139
-10136
-10133
-10132
-10130
-10127
-10126
-10124
-10122
-10119
-10116
-10115
-10111
-10109
-10106
-10099
-10096
-10094
-10092
-10086
-10080
-10071
-10056
-10051
-10050
-10047
-10035
-10033
-10032
-10024
-10019
-10010
-9997
-9994
-9989
-9987
-9984
-9982
-9978
-9970
-9967
-9966
-9962
-9961
-9953
-9947
-9941
-9940
-9936
-9935
-9933
-9931
-9930
-9924
-9920
-9919
-9918
-9917
-9910
-9906
-9902
-9901
-9900
-9899
-9894
-9891
-9883
-9882
-9880
-9874
-9869
-9862
-9855
-9853
-9852
-9847
-9846
-9842
-9834
-9832
-9828
-9822
-9819
-9817
-9814
-9808
-9807
-9803
-9801
-9799
-9797
-9796
-9794
-9793
-9792
-9791
-9787
-9782
-9778
-9777
-9775
-9773
-9771
-9767
-9762
-9761
-9758
-9750
-9749
-9746
-9739
-9734
-9725
-9714
-9711
-9710
-9699
-9696
-9679
-9675
-9673
-9670
-9663
-9661
-9657
-9654
-9653
-9649
-9640
-9639
-9635
-9634
-9632
-9631
-9629
-9628
-9627
-9622
-9618
-9610
-9609
-9607
-9606
-9598
-9596
-9590
-9589
-9586
-9584
-9582
-9581
-9580
-9579
-9575
-9574
-9572
-9566
-9558
-9554
-9553
-9550
-9549
-9539
-9538
-9533
-9532
-9531
-9530
-9525
-9523
-9522
-9518
-9516
-9515
-9513
-9509
-9504
-9494
-9490
-9477
-9469
-9466
-9460
-9453
-9443
-9439
-9437
-9434
-9431
-9429
-9420
-9413
-9410
-9406
-9402
-9398
-9391
-9388
-9387
-9386
-9383
-9382
-9381
-9376
-9372
-9369
-9363
-9361
-9355
-9354
-9346
-9344
-9339
-9334
-9332
-9325
-9322
-9320
-9319
-9316
-9311
-9306
-9305
-9301
-9300
-9299
-9298
-9290
-9289
-9287
-9284
-9281
-9280
-9278
-9277
-9276
-9275
-9271
-9270
-9268
-9266
-9264
-9263
-9261
-9257
-9256
-9249
-9240
-9238
-9237
-9236
-9235
-9234
-9229
-9228
-9227
-9224
-9223
-9220
-9219
-9217
-9211
-9207
-9205
-9201
-9199
-9194
-9192
-9191
-9188
-9180
-9178
-9173
-9172
-9170
-9162
-9161
-9159
-9154
-9150
-9149
-9142
-9140
-9139
-9133
-9126
-9114
-9113
-9112
-9108
-9107
-9101
-9098
-9095
-9088
-9081
-9080
-9079
-9075
-9073
-9070
-9068
-9063
-9062
-9057
-9055
-9054
-9046
-9045
-9036
-9032
-9030
-9029
-9027
-9010
-9006
-9005
-8995
-8994
-8990
-8988
-8975
-8974
-8973
-8970
-8963
-8962
-8961
-8958
-8957
-8955
-8949
-8948
-8943
-8942
-8940
-8932
-8931
-8929
-8926
-8924
-8923
-8915
-8913
-8906
-8904
-8896
-8892
-8889
-8888
-8884
-8883
-8882
-8881
-8880
-8875
-8873
-8868
-8859
-8858
-8855
-8854
-8850
-8846
-8842
-8836
-8831
-8829
-8825
-8818
-8816
-8815
-8814
-8812
-8808
-8803
-8801
-8794
-8793
-8790
-8786
-8779
-8776
-8774
-8772
-8770
-8767
-8764
-8761
-8752
-8748
-8747
-8745
-8743
-8740
-8739
-8737
-8736
-8731
-8727
-8717
-8715
-8714
-8711
-8710
-8706
-8705
-8704
-8701
-8700
-8689
-8688
-8681
-8680
-8678
-8674
-8670
-8666
-8664
-8663
-8662
-8656
-8653
-8652
-8649
-8644
-8643
-8642
-8639
-8638
-8633
-8616
-8614
-8613
-8611
-8607
-8606
-8604
-8603
-8600
-8599
-8592
-8591
-8590
-8584
-8581
-8578
-8577
-8573
-8565
-8560
-8559
-8558
-8553
-8541
-8540
-8537
-8534
-8533
-8532
-8525
-8523
-8521
-8519
-8517
-8514
-8512
-8511
-8506
-8505
-8502
-8501
-8499
-8493
-8492
-8488
-8486
-8480
-8478
-8477
-8475
-8472
-8471
-8468
-8464
-8463
-8462
-8460
-8455
-8453
-8449
-8447
-8444
-8441
-8438
-8435
-8434
-8432
-8428
-8427
-8423
-8420
-8418
-8411
-8410
-8409
-8400
-8399
-8393
-8390
-8389
-8387
-8384
-8383
-8380
-8377
-8376
-8372
-8368
-8367
-8366
-8365
-8363
-8362
-8358
-8357
-8355
-8353
-8352
-8350
-8349
-8347
-8346
-8345
-8344
-8332
-8330
-8329
-8328
-8327
-8326
-8325
-8319
-8316
-8314
-8310
-8308
-8307
-8300
-8299
-8294
-8292
-8290
-8286
-8283
-8279
-8277
-8268
-8265
-8262
-8261
-8251
-8250
-8245
-8242
-8241
-8238
-8235
-8230
-8229
-8228
-8227
-8225
-8217
-8215
-8212
-8211
-8208
-8205
-8204
-8193
-8189
-8188
-8187
-8185
-8181
-8180
-8176
-8167
-8166
-8160
-8158
-8157
-8151
-8149
-8146
-8143
-8141
-8132
-8127
-8122
-8118
-8115
-8110
-8102
-8098
-8096
-8094
-8092
-8080
-8079
-8078
-8076
-8075
-8073
-8072
-8071
-8066
-8062
-8061
-8058
-8057
-8055
-8054
-8051
-8050
-8043
-8032
-8029
-8028
-8023
-8022
-8021
-8020
-8019
-8018
-8014
-8013
-8012
-8008
-8007
-8003
-7998
-7995
-7994
-7989
-7981
-7967
-7961
-7960
-7958
-7956
-7955
-7952
-7951
-7946
-7944
-7943
-7942
-7940
-7937
-7933
-7927
-7925
-7922
-7918
-7911
-7904
-7898
-7896
-7886
-7885
-7880
-7879
-7866
-7862
-7861
-7857
-7854
-7851
-7846
-7840
-7838
-7836
-7828
-7825
-7824
-7820
-7816
-7814
-7810
-7806
-7801
-7798
-7797
-7794
-7793
-7792
-7791
-7788
-7787
-7786
-7780
-7776
-7774
-7773
-7757
-7755
-7754
-7749
-7747
-7745
-7744
-7741
-7729
-7721
-7718
-7715
-7709
-7708
-7706
-7703
-7696
-7693
-7691
-7675
-7674
-7666
-7660
-7659
-7651
-7641
-7640
-7638
-7636
-7634
-7629
-7622
-7621
-7616
-7612
-7607
-7605
-7598
-7597
-7593
-7591
-7588
-7586
-7582
-7579
-7570
-7569
-7564
-7562
-7560
-7558
-7554
-7548
-7546
-7544
-7542
-7540
-7539
-7532
-7524
-7521
-7519
-7510
-7507
-7503
-7501
-7498
-7495
-7493
-7487
-7484
-7482
-7477
-7476
-7474
-7473
-7467
-7462
-7459
-7456
-7452
-7445
-7442
-7434
-7433
-7425
-7424
-7423
-7419
-7416
-7414
-7410
-7408
-7406
-7403
-7401
-7400
-7398
-7397
-7386
-7382
-7380
-7377
-7375
-7373
-7370
-7367
-7363
-7362
-7356
-7355
-7353
-7350
-7334
-7333
-7330
-7327
-7325
-7324
-7323
-7321
-7315
-7313
-7312
-7310
-7309
-7301
-7299
-7291
-7277
-7275
-7274
-7273
-7265
-7264
-7263
-7262
-7255
-7253
-7252
-7249
-7245
-7241
-7238
-7233
-7231
-7228
-7222
-7220
-7213
-7212
-7203
-7199
-7197
-7192
-7181
-7172
-7166
-7165
-7160
-7159
-7155
-7154
-7150
-7149
-7147
-7140
-7138
-7133
-7132
-7131
-7129
-7128
-7127
-7121
-7120
-7118
-7114
-7106
-7105
-7097
-7096
-7095
-7093
-7092
-7084
-7083
-7081
-7073
-7065
-7059
-7058
-7054
-7041
-7039
-7038
-7033
-7032
-7028
-7024
-7023
-7011
-7006
-6998
-6993
-6990
-6989
-6988
-6982
-6980
-6979
-6976
-6974
-6973
-6972
-6971
-6970
-6962
-6956
-6951
-6948
-6945
-6944
-6943
-6937
-6936
-6933
-6930
-6924
-6923
-6918
-6914
-6908
-6905
-6903
-6891
-6890
-6883
-6882
-6881
-6880
-6879
-6876
-6870
-6869
-6867
-6866
-6865
-6863
-6859
-6858
-6857
-6856
-6845
-6837
-6835
-6831
-6830
-6829
-6827
-6825
-6820
-6818
-6814
-6811
-6810
-6807
-6799
-6798
-6796
-6795
-6794
-6791
-6788
-6782
-6781
-6776
-6771
-6764
-6763
-6761
-6755
-6754
-6752
-6745
-6743
-6742
-6741
-6740
-6739
-6735
-6724
-6720
-6714
-6713
-6705
-6701
-6696
-6685
-6684
-6683
-6681
-6675
-6672
-6671
-6668
-6663
-6657
-6655
-6652
-6645
-6643
-6636
-6635
-6633
-6631
-6622
-6620
-6619
-6618
-6611
-6610
-6591
-6590
-6587
-6580
-6579
-6578
-6575
-6574
-6572
-6570
-6569
-6568
-6564
-6561
-6560
-6559
-6557
-6556
-6552
-6550
-6545
-6540
-6538
-6523
-6522
-6520
-6511
-6510
-6506
-6500
-6495
-6494
-6493
-6491
-6488
-6486
-6483
-6481
-6480
-6479
-6477
-6473
-6471
-6466
-6464
-6462
-6459
-6457
-6454
-6452
-6449
-6447
-6445
-6435
-6434
-6432
-6430
-6428
-6424
-6417
-6416
-6413
-6412
-6411
-6408
-6401
-6400
-6399
-6398
-6395
-6390
-6386
-6377
-6376
-6375
-6374
-6369
-6368
-6363
-6360
-6356
-6355
-6354
-6353
-6351
-6350
-6326
-6324
-6323
-6319
-6318
-6312
-6310
-6307
-6304
-6300
-6295
-6294
-6293
-6292
-6287
-6280
-6279
-6278
-6271
-6267
-6266
-6263
-6259
-6254
-6252
-6251
-6250
-6243
-6242
-6240
-6238
-6226
-6225
-6223
-6221
-6211
-6207
-6206
-6203
-6202
-6198
-6196
-6193
-6188
-6186
-6184
-6181
-6174
-6173
-6172
-6170
-6166
-6163
-6158
-6153
-6152
-6148
-6146
-6143
-6142
-6141
-6140
-6132
-6130
-6122
-6118
-6112
-6107
-6104
-6102
-6101
-6099
-6092
-6091
-6090
-6086
-6083
-6075
-6074
-6073
-6072
-6068
-6064
-6063
-6061
-6054
-6052
-6050
-6045
-6044
-6036
-6027
-6025
-6023
-6021
-6020
-6017
-6015
-6013
-6009
-6007
-6006
-6004
-6001
-5998
-5993
-5992
-5989
-5985
-5984
-5978
-5973
-5970
-5967
-5964
-5963
-5962
-5961
-5956
-5955
-5954
-5950
-5948
-5945
-5944
-5935
-5930
-5918
-5916
-5914
-5912
-5909
-5903
-5902
-5900
-5898
-5897
-5896
-5895
-5890
-5886
-5885
-5879
-5873
-5869
-5868
-5862
-5859
-5852
-5851
-5850
-5844
-5841
-5830
-5822
-5819
-5815
-5813
-5812
-5809
-5808
-5804
-5802
-5795
-5792
-5790
-5788
-5782
-5778
-5773
-5770
-5767
-5762
-5761
-5759
-5757
-5753
-5752
-5745
-5740
-5732
-5728
-5725
-5721
-5718
-5717
-5713
-5706
-5704
-5703
-5693
-5689
-5686
-5683
-5675
-5674
-5673
-5672
-5666
-5665
-5653
-5652
-5645
-5644
-5634
-5632
-5631
-5630
-5627
-5624
-5621
-5620
-5619
-5615
-5614
-5611
-5610
-5606
-5602
-5598
-5596
-5595
-5592
-5583
-5580
-5573
-5572
-5571
-5564
-5559
-5556
-5553
-5551
-5549
-5546
-5543
-5539
-5538
-5535
-5534
-5530
-5519
-5514
-5507
-5503
-5501
-5499
-5492
-5490
-5484
-5482
-5478
-5475
-5473
-5464
-5458
-5454
-5452
-5451
-5436
-5435
-5429
-5421
-5420
-5419
-5414
-5411
-5404
-5403
-5402
-5400
-5392
-5390
-5388
-5384
-5382
-5378
-5373
-5368
-5363
-5358
-5354
-5347
-5346
-5338
-5336
-5335
-5332
-5327
-5316
-5309
-5306
-5299
-5298
-5292
-5291
-5288
-5286
-5282
-5280
-5272
-5270
-5269
-5266
-5262
-5259
-5258
-5257
-5255
-5244
-5239
-5236
-5235
-5231
-5223
-5219
-5218
-5217
-5214
-5212
-5211
-5197
-5196
-5195
-5193
-5189
-5186
-5185
-5177
-5169
-5167
-5165
-5164
-5162
-5156
-5151
-5144
-5143
-5139
-5137
-5135
-5131
-5123
-5114
-5112
-5111
-5110
-5109
-5108
-5105
-5095
-5094
-5092
-5082
-5078
-5071
-5068
-5063
-5061
-5060
-5059
-5048
-5047
-5045
-5044
-5042
-5041
-5038
-5033
-5027
-5026
-5024
-5022
-5020
-5019
-5018
-5017
-5016
-5013
-5006
-5001
-4997
-4990
-4985
-4979
-4971
-4967
-4966
-4964
-4962
-4961
-4955
-4952
-4951
-4950
-4949
-4941
-4940
-4935
-4931
-4928
-4927
-4924
-4922
-4916
-4913
-4910
-4908
-4907
-4906
-4903
-4902
-4901
-4899
-4893
-4892
-4887
-4884
-4881
-4879
-4878
-4876
-4874
-4873
-4872
-4868
-4860
-4858
-4850
-4849
-4848
-4847
-4845
-4842
-4841
-4839
-4834
-4833
-4831
-4828
-4826
-4822
-4817
-4815
-4807
-4805
-4804
-4803
-4802
-4801
-4796
-4794
-4793
-4790
-4784
-4781
-4780
-4778
-4777
-4774
-4771
-4767
-4766
-4765
-4763
-4762
-4758
-4756
-4747
-4745
-4742
-4738
-4736
-4733
-4732
-4730
-4729
-4727
-4720
-4718
-4714
-4703
-4701
-4699
-4693
-4691
-4687
-4684
-4682
-4678
-4676
-4675
-4673
-4668
-4667
-4664
-4655
-4654
-4651
-4649
-4648
-4646
-4645
-4641
-4640
-4639
-4638
-4637
-4632
-4631
-4626
-4622
-4621
-4618
-4617
-4613
-4608
-4605
-4600
-4596
-4595
-4594
-4593
-4589
-4588
-4587
-4586
-4581
-4580
-4578
-4576
-4575
-4574
-4570
-4567
-4566
-4563
-4553
-4552
-4549
-4548
-4547
-4541
-4539
-4538
-4535
-4532
-4528
-4527
-4526
-4525
-4523
-4511
-4510
-4509
-4508
-4506
-4504
-4501
-4499
-4496
-4494
-4491
-4486
-4480
-4479
-4478
-4477
-4476
-4473
-4472
-4471
-4470
-4468
-4467
-4466
-4461
-4460
-4458
-4457
-4453
-4452
-4450
-4448
-4441
-4440
-4438
-4433
-4431
-4427
-4426
-4423
-4416
-4415
-4411
-4410
-4406
-4405
-4403
-4402
-4394
-4391
-4389
-4386
-4382
-4375
-4374
-4372
-4368
-4362
-4359
-4355
-4352
-4347
-4345
-4343
-4341
-4325
-4322
-4319
-4312
-4306
-4305
-4299
-4296
-4294
-4293
-4267
-4263
-4261
-4259
-4258
-4257
-4254
-4251
-4249
-4244
-4243
-4241
-4240
-4236
-4234
-4232
-4228
-4225
-4223
-4222
-4218
-4217
-4216
-4212
-4205
-4204
-4202
-4192
-4186
-4183
-4179
-4166
-4159
-4158
-4153
-4152
-4145
-4144
-4143
-4142
-4137
-4136
-4135
-4134
-4128
-4126
-4125
-4122
-4117
-4114
-4112
-4110
-4109
-4108
-4103
-4100
-4099
-4098
-4089
-4088
-4085
-4078
-4076
-4075
-4070
-4059
-4058
-4056
-4051
-4050
-4049
-4044
-4043
-4041
-4040
-4039
-4037
-4034
-4030
-4028
-4026
-4021
-4020
-4019
-4016
-4010
-4007
-4005
-4003
-4000
-3998
-3997
-3996
-3995
-3993
-3988
-3987
-3986
-3983
-3982
-3981
-3978
-3976
-3975
-3974
-3964
-3961
-3959
-3952
-3951
-3948
-3947
-3946
-3940
-3938
-3934
-3933
-3924
-3922
-3921
-3920
-3918
-3914
-3910
-3906
-3905
-3904
-3902
-3901
-3900
-3893
-3886
-3883
-3882
-3878
-3876
-3873
-3871
-3864
-3861
-3860
-3858
-3856
-3855
-3853
-3851
-3849
-3846
-3844
-3842
-3841
-3839
-3838
-3834
-3833
-3827
-3819
-3816
-3813
-3812
-3810
-3807
-3806
-3801
-3800
-3799
-3798
-3793
-3788
-3779
-3774
-3772
-3770
-3767
-3765
-3760
-3758
-3757
-3748
-3747
-3745
-3737
-3730
-3729
-3726
-3721
-3717
-3714
-3710
-3708
-3705
-3701
-3699
-3696
-3691
-3690
-3687
-3686
-3684
-3683
-3680
-3673
-3672
-3671
-3663
-3660
-3657
-3650
-3648
-3645
-3644
-3642
-3638
-3633
-3628
-3627
-3626
-3620
-3619
-3617
-3616
-3614
-3612
-3609
-3608
-3605
-3598
-3597
-3595
-3585
-3581
-3579
-3572
-3571
-3569
-3562
-3555
-3554
-3552
-3548
-3546
-3544
-3543
-3540
-3537
-3536
-3535
-3531
-3528
-3524
-3521
-3520
-3518
-3506
-3505
-3503
-3499
-3494
-3493
-3489
-3485
-3483
-3482
-3481
-3477
-3476
-3474
-3470
-3467
-3464
-3462
-3461
-3454
-3448
-3447
-3445
-3443
-3435
-3432
-3431
-3426
-3425
-3421
-3411
-3408
-3407
-3399
-3394
-3390
-3387
-3385
-3379
-3377
-3372
-3369
-3367
-3362
-3361
-3358
-3357
-3353
-3344
-3343
-3341
-3340
-3335
-3334
-3332
-3329
-3328
-3325
-3324
-3317
-3313
-3312
-3309
-3306
-3305
-3304
-3302
-3301
-3298
-3295
-3293
-3288
-3285
-3283
-3279
-3277
-3270
-3265
-3263
-3261
-3260
-3259
-3257
-3256
-3252
-3251
-3246
-3238
-3235
-3231
-3229
-3221
-3219
-3207
-3206
-3203
-3198
-3189
-3187
-3182
-3180
-3176
-3172
-3166
-3157
-3156
-3154
-3152
-3145
-3144
-3141
-3140
-3136
-3132
-3131
-3126
-3125
-3123
-3119
-3114
-3111
-3109
-3105
-3101
-3098
-3087
-3081
-3079
-3078
-3070
-3064
-3058
-3055
-3054
-3052
-3048
-3047
-3043
-3036
-3031
-3025
-3024
-3022
-3021
-3018
-3016
-3011
-3008
-3006
-3005
-3001
-3000
-2999
-2994
-2990
-2986
-2984
-2983
-2981
-2980
-2977
-2975
-2973
-2969
-2967
-2964
-2959
-2957
-2956
-2952
-2951
-2949
-2946
-2944
-2942
-2941
-2939
-2936
-2935
-2932
-2931
-2928
-2925
-2921
-2910
-2904
-2902
-2901
-2893
-2892
-2888
-2882
-2881
-2875
-2872
-2867
-2861
-2859
-2856
-2852
-2848
-2843
-2839
-2835
-2833
-2832
-2831
-2830
-2824
-2823
-2821
-2819
-2818
-2813
-2806
-2803
-2800
-2791
-2790
-2788
-2785
-2783
-2782
-2774
-2771
-2767
-2766
-2763
-2761
-2760
-2758
-2755
-2746
-2745
-2741
-2735
-2732
-2730
-2721
-2717
-2712
-2709
-2707
-2703
-2695
-2691
-2689
-2686
-2683
-2681
-2680
-2678
-2675
-2672
-2671
-2659
-2654
-2653
-2650
-2649
-2646
-2643
-2641
-2634
-2630
-2626
-2621
-2619
-2614
-2610
-2598
-2594
-2593
-2587
-2583
-2581
-2577
-2576
-2573
-2572
-2571
-2570
-2569
-2566
-2564
-2563
-2559
-2557
-2556
-2554
-2553
-2548
-2543
-2539
-2531
-2527
-2519
-2518
-2511
-2503
-2501
-2499
-2492
-2491
-2490
-2489
-2486
-2485
-2482
-2473
-2470
-2465
-2461
-2460
-2452
-2449
-2448
-2447
-2445
-2444
-2443
-2437
-2435
-2429
-2427
-2425
-2420
-2415
-2413
-2411
-2407
-2403
-2401
-2400
-2390
-2386
-2385
-2382
-2381
-2379
-2377
-2376
-2374
-2371
-2369
-2365
-2362
-2352
-2349
-2343
-2342
-2332
-2329
-2328
-2327
-2324
-2322
-2311
-2303
-2302
-2299
-2298
-2296
-2294
-2293
-2291
-2288
-2286
-2284
-2282
-2281
-2275
-2272
-2271
-2269
-2268
-2265
-2264
-2262
-2257
-2254
-2253
-2250
-2240
-2239
-2237
-2234
-2230
-2228
-2227
-2226
-2217
-2212
-2211
-2210
-2206
-2205
-2200
-2191
-2190
-2187
-2184
-2183
-2181
-2178
-2174
-2173
-2172
-2168
-2162
-2161
-2159
-2158
-2150
-2149
-2135
-2126
-2119
-2118
-2114
-2105
-2104
-2102
-2101
-2100
-2099
-2096
-2094
-2091
-2084
-2080
-2079
-2071
-2066
-2063
-2058
-2057
-2056
-2055
-2052
-2049
-2048
-2041
-2039
-2036
-2035
-2034
-2032
-2031
-2030
-2029
-2028
-2027
-2021
-2012
-2009
-2007
-2006
-2004
-2003
-1992
-1991
-1990
-1978
-1976
-1975
-1971
-1970
-1969
-1968
-1965
-1964
-1953
-1952
-1951
-1943
-1939
-1937
-1934
-1932
-1929
-1923
-1918
-1916
-1906
-1899
-1898
-1893
-1890
-1885
-1879
-1873
-1866
-1865
-1863
-1853
-1850
-1844
-1842
-1839
-1838
-1833
-1832
-1828
-1823
-1821
-1819
-1818
-1809
-1806
-1804
-1801
-1796
-1793
-1787
-1777
-1776
-1775
-1774
-1764
-1763
-1762
-1761
-1760
-1758
-1748
-1741
-1739
-1736
-1734
-1733
-1727
-1725
-1724
-1717
-1715
-1710
-1708
-1703
-1688
-1686
-1683
-1672
-1670
-1669
-1659
-1653
-1647
-1644
-1642
-1641
-1639
-1630
-1629
-1627
-1626
-1624
-1621
-1620
-1616
-1614
-1613
-1612
-1610
-1606
-1605
-1602
-1599
-1595
-1587
-1585
-1583
-1582
-1580
-1578
-1573
-1572
-1571
-1564
-1558
-1556
-1555
-1537
-1536
-1527
-1526
-1525
-1522
-1516
-1507
-1505
-1498
-1497
-1494
-1490
-1489
-1488
-1487
-1485
-1484
-1483
-1482
-1480
-1477
-1466
-1460
-1450
-1445
-1443
-1442
-1441
-1440
-1437
-1434
-1430
-1429
-1422
-1420
-1418
-1414
-1412
-1411
-1410
-1408
-1407
-1403
-1400
-1398
-1397
-1396
-1393
-1389
-1385
-1383
-1378
-1374
-1373
-1372
-1371
-1366
-1363
-1362
-1361
-1357
-1356
-1355
-1352
-1351
-1349
-1344
-1334
-1332
-1328
-1327
-1326
-1325
-1324
-1315
-1310
-1308
-1304
-1302
-1297
-1293
-1289
-1288
-1287
-1285
-1284
-1283
-1281
-1278
-1277
-1271
-1258
-1254
-1247
-1246
-1245
-1242
-1241
-1240
-1239
-1238
-1237
-1236
-1234
-1231
-1225
-1222
-1221
-1219
-1218
-1213
-1211
-1209
-1201
-1192
-1190
-1186
-1183
-1182
-1179
-1177
-1176
-1171
-1157
-1150
-1141
-1140
-1137
-1135
-1130
-1129
-1127
-1113
-1112
-1106
-1105
-1103
-1092
-1089
-1086
-1083
-1082
-1079
-1076
-1075
-1071
-1069
-1067
-1064
-1059
-1057
-1053
-1049
-1043
-1035
-1034
-1030
-1029
-1020
-1019
-1016
-1006
-1005
-1002
-1001
-1000
-997
-990
-989
-982
-981
-980
-979
-976
-968
-965
-963
-961
-960
-945
-942
-940
-939
-937
-935
-919
-915
-901
-894
-890
-881
-880
-876
-874
-873
-871
-869
-868
-863
-857
-849
-847
-845
-842
-840
-839
-830
-822
-820
-818
-817
-813
-812
-811
-810
-807
-800
-799
-796
-794
-792
-790
-789
-786
-785
-783
-782
-778
-777
-775
-770
-768
-766
-765
-762
-760
-759
-748
-746
-745
-743
-731
-717
-711
-710
-709
-707
-706
-703
-699
-696
-694
-683
-681
-678
-674
-672
-667
-666
-665
-661
-659
-657
-644
-643
-640
-635
-629
-628
-627
-621
-620
-618
-610
-607
-601
-599
-596
-595
-590
-589
-585
-581
-576
-573
-572
-571
-566
-565
-562
-561
-558
-556
-555
-554
-551
-550
-541
-539
-538
-535
-533
-531
-530
-529
-526
-520
-515
-508
-506
-505
-495
-494
-489
-488
-485
-483
-480
-476
-472
-469
-462
-461
-456
-450
-448
-442
-440
-438
-433
-429
-427
-425
-418
-417
-413
-409
-407
-395
-393
-392
-391
-390
-382
-380
-377
-373
-367
-361
-360
-355
-354
-353
-350
-347
-346
-342
-341
-339
-333
-328
-319
-318
-317
-315
-314
-309
-303
-300
-296
-287
-286
-282
-281
-277
-268
-267
-265
-264
-262
-254
-253
-252
-250
-247
-239
-238
-235
-233
-232
-229
-228
-224
-208
-201
-199
-196
-193
-192
-191
-187
-184
-183
-180
-179
-177
-174
-173
-166
-162
-161
-160
-155
-151
-149
-146
-143
-141
-133
-130
-129
-128
-127
-126
-125
-124
-121
-118
-117
-112
-110
-98
-94
-93
-90
-85
-83
-79
-78
-77
-76
-64
-58
-54
-50
-48
-32
-31
-30
-24
-23
-21
-20
-16
-15
-11
-6
-4
-2
1
2
7
11
13
19
20
21
23
25
26
27
32
35
36
38
39
45
46
47
49
50
51
53
57
62
63
68
71
72
73
79
81
82
84
87
90
91
97
98
99
109
110
113
119
120
123
126
129
130
142
143
153
155
156
164
172
180
183
186
187
194
195
197
198
200
202
204
205
206
210
213
218
220
225
232
235
237
239
242
246
248
253
254
255
257
258
261
263
264
269
270
274
275
281
284
285
287
289
292
297
304
305
307
308
313
328
335
336
337
339
340
341
342
348
355
357
360
362
363
365
368
372
381
386
387
388
389
390
391
393
394
396
397
400
402
403
405
406
408
412
415
417
418
419
426
430
433
434
435
437
439
440
441
442
444
447
449
451
452
456
462
467
468
471
473
474
481
490
491
492
496
497
498
499
502
504
506
517
522
525
532
533
534
535
539
541
542
544
554
555
558
568
569
570
576
580
582
589
592
597
599
606
607
608
610
619
621
622
631
639
648
654
655
657
659
660
664
665
667
668
671
674
676
679
685
692
697
701
702
708
711
712
713
720
722
726
729
731
740
742
748
749
751
752
769
776
777
783
795
796
798
803
807
822
829
832
837
838
844
849
852
854
860
865
866
867
873
874
884
888
889
892
894
896
899
907
908
910
919
925
928
933
940
942
945
949
953
956
966
971
972
975
976
979
988
991
1002
1007
1008
1012
1014
1017
1018
1021
1027
1031
1044
1045
1050
1056
1060
1061
1062
1064
1066
1070
1072
1073
1078
1081
1084
1086
1089
1093
1095
1097
1103
1106
1110
1111
1113
1125
1127
1128
1129
1130
1131
1134
1135
1138
1139
1141
1145
1151
1153
1155
1156
1158
1161
1162
1165
1169
1171
1173
1175
1178
1179
1184
1187
1188
1195
1199
1201
1204
1207
1210
1212
1215
1216
1217
1218
1221
1226
1228
1230
1231
1235
1237
1240
1243
1244
1250
1251
1253
1255
1256
1265
1269
1277
1280
1282
1286
1287
1292
1293
1295
1302
1306
1308
1313
1317
1318
1319
1322
1323
1324
1326
1332
1334
1335
1338
1342
1345
1346
1348
1349
1352
1359
1360
1365
1367
1370
1380
1386
1388
1390
1393
1395
1400
1404
1408
1409
1415
1420
1421
1424
1425
1428
1429
1431
1433
1435
1437
1439
1440
1441
1442
1443
1446
1450
1453
1465
1466
1468
1471
1473
1475
1479
1485
1490
1492
1498
1503
1511
1513
1514
1516
1519
1522
1530
1532
1533
1536
1537
1540
1542
1543
1544
1546
1550
1554
1570
1573
1575
1576
1579
1581
1582
1584
1585
1593
1594
1597
1599
1600
1601
1603
1604
1607
1613
1617
1619
1622
1632
1640
1641
1645
1646
1650
1656
1661
1667
1670
1671
1673
1677
1678
1680
1691
1693
1697
1698
1700
1701
1704
1712
1713
1719
1720
1725
1730
1733
1739
1740
1741
1747
1749
1757
1765
1771
1782
1785
1787
1792
1793
1795
1797
1798
1805
1807
1809
1811
1812
1813
1816
1818
1820
1822
1828
1831
1833
1839
1840
1842
1844
1848
1853
1855
1862
1863
1865
1866
1874
1879
1881
1884
1885
1888
1889
1890
1900
1911
1913
1920
1923
1928
1930
1934
1937
1939
1944
1951
1955
1960
1963
1966
1967
1968
1971
1973
1974
1976
1986
1988
1989
1991
1992
1993
1996
1999
2000
2001
2002
2009
2010
2013
2023
2025
2027
2032
2037
2040
2044
2045
2053
2056
2057
2059
2062
2064
2071
2076
2078
2086
2087
2088
2097
2106
2109
2111
2113
2114
2120
2122
2126
2127
2129
2134
2138
2141
2142
2144
2145
2147
2150
2151
2153
2154
2159
2164
2165
2167
2169
2173
2177
2178
2180
2181
2183
2185
2193
2194
2197
2198
2199
2201
2202
2203
2208
2210
2221
2226
2228
2235
2238
2244
2245
2248
2250
2255
2257
2261
2263
2265
2266
2268
2269
2270
2271
2274
2284
2290
2292
2293
2297
2298
2313
2316
2319
2321
2322
2327
2328
2334
2337
2339
2341
2342
2344
2346
2348
2352
2359
2363
2366
2369
2374
2377
2383
2385
2387
2389
2390
2392
2394
2402
2404
2405
2411
2413
2415
2429
2430
2433
2434
2435
2436
2437
2447
2448
2451
2454
2462
2468
2474
2477
2478
2480
2481
2483
2485
2489
2490
2491
2492
2498
2499
2501
2502
2521
2523
2524
2525
2530
2535
2536
2538
2539
2546
2556
2563
2571
2581
2589
2590
2592
2598
2602
2603
2609
2613
2619
2620
2622
2623
2625
2626
2628
2629
2635
2637
2638
2639
2642
2644
2645
2647
2649
2650
2654
2658
2664
2665
2667
2672
2673
2675
2680
2685
2688
2689
2692
2701
2708
2713
2714
2727
2729
2738
2744
2746
2747
2751
2756
2758
2762
2763
2765
2767
2776
2779
2781
2784
2785
2786
2787
2788
2791
2792
2796
2798
2804
2810
2811
2814
2818
2819
2820
2829
2831
2840
2841
2842
2843
2845
2849
2850
2851
2853
2856
2858
2864
2871
2877
2881
2882
2883
2885
2888
2892
2893
2899
2901
2903
2905
2910
2914
2920
2921
2926
2928
2930
2931
2934
2935
2939
2943
2950
2956
2960
2962
2964
2967
2971
2977
2980
2983
2984
3006
3008
3009
3017
3026
3029
3031
3037
3038
3039
3048
3051
3054
3055
3057
3062
3064
3074
3076
3078
3079
3081
3085
3086
3088
3089
3096
3099
3102
3105
3106
3112
3114
3119
3129
3131
3136
3145
3147
3148
3153
3155
3156
3161
3163
3171
3191
3193
3196
3199
3201
3209
3217
3222
3225
3226
3229
3235
3239
3241
3242
3247
3248
3249
3251
3252
3263
3266
3268
3271
3272
3277
3280
3289
3292
3296
3300
3302
3303
3308
3310
3311
3312
3315
3322
3323
3324
3328
3337
3339
3345
3348
3349
3350
3354
3355
3358
3361
3362
3363
3370
3372
3377
3378
3379
3381
3387
3388
3392
3403
3415
3420
3421
3422
3430
3432
3436
3442
3451
3454
3459
3460
3463
3467
3468
3469
3470
3471
3475
3477
3481
3486
3487
3488
3489
3493
3496
3498
3501
3505
3506
3507
3508
3511
3512
3515
3516
3517
3522
3526
3528
3529
3530
3531
3532
3533
3538
3540
3555
3560
3562
3565
3567
3568
3575
3577
3580
3583
3590
3591
3595
3597
3599
3600
3605
3609
3610
3617
3620
3628
3633
3634
3635
3644
3648
3649
3650
3654
3658
3659
3670
3672
3674
3677
3678
3682
3684
3686
3688
3692
3693
3694
3699
3700
3703
3704
3708
3714
3718
3722
3727
3731
3733
3734
3736
3741
3744
3745
3746
3758
3761
3762
3765
3770
3771
3773
3775
3778
3779
3780
3784
3786
3787
3788
3790
3795
3801
3809
3812
3813
3814
3815
3817
3820
3821
3822
3828
3829
3831
3836
3844
3849
3850
3852
3853
3861
3862
3865
3866
3869
3872
3873
3874
3876
3879
3882
3885
3886
3890
3893
3894
3895
3896
3897
3898
3899
3907
3909
3910
3912
3913
3915
3923
3931
3934
3937
3938
3939
3944
3945
3948
3953
3955
3956
3957
3959
3960
3970
3971
3973
3975
3977
3987
3990
3992
3994
3999
4000
4002
4006
4009
4012
4014
4024
4028
4031
4035
4040
4042
4044
4048
4051
4052
4057
4059
4063
4067
4074
4075
4086
4087
4090
4091
4098
4104
4105
4106
4107
4113
4122
4124
4127
4131
4133
4139
4143
4149
4152
4156
4157
4159
4168
4170
4174
4176
4178
4179
4180
4181
4185
4190
4193
4197
4198
4200
4202
4205
4213
4215
4216
4219
4221
4222
4225
4228
4229
4232
4233
4237
4247
4248
4254
4256
4257
4261
4262
4263
4267
4269
4270
4272
4275
4278
4283
4285
4289
4291
4295
4297
4299
4300
4302
4304
4305
4308
4309
4313
4315
4318
4319
4320
4332
4343
4352
4353
4359
4363
4366
4367
4370
4372
4374
4375
4384
4385
4386
4387
4389
4391
4392
4404
4422
4423
4425
4427
4429
4433
4434
4438
4439
4440
4441
4443
4446
4452
4455
4456
4463
4466
4468
4473
4475
4476
4478
4483
4484
4485
4489
4491
4501
4505
4507
4508
4512
4513
4514
4519
4521
4523
4525
4526
4532
4534
4535
4540
4552
4553
4555
4558
4559
4570
4574
4575
4578
4584
4586
4589
4590
4593
4601
4603
4604
4606
4607
4608
4609
4611
4615
4616
4622
4628
4631
4639
4640
4641
4642
4649
4651
4653
4654
4656
4659
4665
4667
4668
4671
4675
4676
4678
4681
4686
4688
4691
4697
4698
4705
4714
4715
4716
4720
4723
4725
4736
4742
4744
4745
4751
4752
4754
4755
4756
4759
4760
4763
4765
4769
4770
4773
4777
4779
4781
4782
4790
4795
4800
4801
4804
4805
4810
4819
4823
4824
4833
4841
4846
4847
4851
4852
4853
4855
4856
4860
4861
4863
4864
4865
4869
4873
4875
4876
4880
4887
4890
4891
4892
4893
4896
4899
4901
4903
4910
4916
4917
4920
4922
4924
4925
4931
4933
4940
4943
4944
4948
4962
4964
4965
4966
4969
4971
4973
4974
4978
4998
5000
5002
5003
5005
5007
5010
5013
5017
5020
5022
5023
5031
5032
5033
5038
5047
5054
5057
5061
5062
5064
5067
5068
5080
5082
5084
5086
5088
5089
5090
5091
5092
5094
5097
5098
5100
5106
5108
5113
5118
5121
5126
5130
5134
5144
5145
5147
5148
5151
5154
5155
5161
5162
5169
5172
5178
5180
5189
5190
5191
5195
5196
5197
5199
5201
5207
5208
5209
5210
5212
5213
5226
5230
5235
5236
5238
5244
5245
5248
5254
5258
5260
5262
5270
5275
5282
5288
5289
5290
5294
5302
5305
5307
5310
5311
5313
5316
5317
5323
5325
5329
5330
5334
5335
5338
5348
5349
5356
5358
5362
5363
5368
5369
5370
5373
5387
5395
5396
5397
5401
5403
5404
5411
5414
5415
5418
5421
5432
5433
5435
5438
5439
5441
5443
5444
5451
5453
5457
5460
5461
5462
5463
5464
5468
5469
5471
5473
5475
5477
5489
5491
5492
5493
5496
5503
5505
5509
5510
5511
5516
5517
5523
5524
5528
5529
5530
5536
5537
5540
5546
5551
5558
5559
5570
5576
5581
5588
5589
5592
5595
5596
5597
5601
5606
5607
5611
5616
5620
5627
5629
5636
5643
5646
5649
5650
5652
5666
5667
5669
5671
5679
5681
5682
5685
5687
5689
5693
5698
5706
5708
5710
5711
5718
5727
5736
5739
5740
5743
5752
5753
5754
5757
5759
5764
5765
5769
5770
5780
5781
5784
5788
5790
5791
5793
5800
5803
5805
5810
5812
5816
5818
5823
5829
5830
5834
5837
5841
5843
5846
5850
5851
5854
5857
5858
5860
5861
5863
5868
5869
5870
5871
5873
5878
5881
5884
5886
5887
5890
5892
5901
5906
5907
5908
5919
5929
5935
5936
5945
5955
5961
5962
5964
5972
5977
5979
5989
5991
5993
5995
5996
6007
6011
6015
6020
6023
6024
6029
6031
6037
6038
6039
6043
6047
6050
6051
6052
6053
6054
6055
6059
6061
6063
6067
6068
6072
6080
6081
6085
6086
6088
6091
6094
6095
6097
6100
6102
6103
6105
6106
6108
6111
6112
6117
6120
6121
6127
6128
6130
6131
6136
6138
6139
6141
6144
6147
6149
6150
6151
6152
6154
6158
6161
6162
6163
6171
6178
6181
6183
6188
6190
6192
6195
6197
6200
6208
6209
6213
6224
6227
6230
6231
6234
6242
6248
6250
6251
6252
6254
6256
6258
6259
6262
6263
6267
6271
6272
6274
6283
6286
6287
6290
6291
6295
6301
6308
6309
6310
6311
6313
6318
6319
6324
6325
6329
6332
6335
6337
6344
6346
6347
6355
6357
6358
6359
6363
6364
6368
6371
6379
6384
6386
6390
6403
6405
6406
6407
6408
6411
6412
6416
6418
6422
6427
6434
6437
6443
6445
6449
6455
6456
6462
6466
6471
6473
6475
6477
6478
6481
6484
6503
6506
6507
6511
6513
6521
6522
6525
6528
6529
6530
6531
6532
6534
6535
6546
6558
6563
6567
6568
6572
6575
6579
6580
6586
6588
6589
6590
6595
6597
6599
6600
6610
6615
6616
6621
6626
6627
6628
6629
6631
6632
6633
6634
6643
6645
6647
6648
6662
6667
6668
6675
6677
6680
6681
6683
6687
6690
6691
6695
6699
6701
6703
6715
6716
6718
6720
6721
6722
6723
6725
6732
6736
6737
6738
6739
6741
6743
6745
6747
6748
6756
6758
6760
6764
6770
6771
6773
6776
6788
6796
6797
6802
6808
6809
6812
6814
6822
6828
6833
6834
6835
6848
6850
6854
6855
6860
6861
6863
6869
6871
6876
6879
6883
6884
6887
6890
6892
6897
6900
6901
6908
6911
6913
6914
6917
6924
6930
6931
6939
6943
6944
6946
6952
6958
6959
6960
6963
6965
6966
6972
6974
6975
6979
6981
6982
6983
6988
6996
6997
6998
6999
7000
7003
7005
7007
7010
7014
7022
7024
7027
7028
7030
7032
7033
7034
7038
7039
7041
7042
7045
7049
7051
7054
7057
7066
7070
7072
7074
7075
7076
7078
7079
7088
7089
7093
7101
7107
7109
7116
7117
7122
7125
7127
7136
7139
7140
7145
7153
7154
7156
7162
7167
7168
7173
7174
7175
7178
7185
7189
7190
7193
7196
7197
7198
7201
7207
7208
7212
7215
7217
7220
7221
7222
7223
7229
7230
7237
7239
7242
7245
7246
7247
7250
7251
7253
7254
7260
7264
7269
7275
7284
7289
7291
7293
7296
7298
7303
7308
7311
7313
7321
7322
7324
7329
7331
7333
7334
7335
7337
7338
7340
7341
7346
7363
7365
7367
7368
7369
7371
7379
7383
7385
7388
7392
7394
7402
7403
7407
7409
7414
7415
7417
7425
7427
7428
7431
7436
7440
7450
7453
7456
7459
7471
7474
7477
7480
7488
7511
7513
7515
7516
7518
7522
7526
7528
7529
7530
7535
7536
7537
7542
7545
7549
7559
7564
7566
7570
7578
7584
7590
7593
7595
7597
7601
7602
7604
7609
7618
7619
7620
7624
7626
7634
7638
7642
7648
7649
7656
7659
7660
7661
7663
7673
7675
7682
7684
7687
7688
7690
7691
7693
7698
7699
7700
7702
7703
7706
7710
7725
7726
7733
7735
7743
7745
7746
7748
7751
7752
7755
7764
7767
7778
7779
7781
7782
7783
7785
7787
7791
7800
7802
7803
7806
7808
7813
7817
7823
7829
7830
7834
7837
7841
7845
7847
7848
7850
7852
7854
7855
7857
7859
7864
7867
7869
7871
7875
7876
7880
7885
7888
7889
7894
7895
7896
7899
7901
7906
7909
7910
7911
7912
7916
7917
7927
7928
7931
7935
7938
7941
7947
7951
7954
7957
7959
7961
7966
7968
7969
7974
7976
7985
7988
7990
7996
7998
8001
8002
8006
8009
8011
8021
8027
8028
8031
8032
8033
8034
8039
8041
8042
8051
8054
8055
8056
8062
8064
8071
8072
8073
8074
8076
8080
8081
8082
8086
8090
8096
8097
8102
8108
8110
8112
8116
8117
8118
8119
8121
8122
8123
8127
8129
8136
8137
8143
8144
8150
8159
8161
8162
8163
8164
8170
8173
8188
8197
8198
8199
8201
8202
8206
8207
8210
8212
8216
8217
8218
8222
8225
8237
8240
8244
8249
8250
8251
8252
8253
8257
8264
8265
8268
8272
8273
8275
8276
8284
8286
8289
8292
8302
8305
8306
8311
8314
8316
8326
8328
8330
8331
8339
8350
8359
8360
8361
8369
8373
8376
8379
8380
8387
8390
8404
8405
8409
8412
8416
8417
8424
8427
8431
8436
8437
8439
8440
8442
8443
8444
8445
8448
8453
8459
8460
8461
8464
8465
8474
8479
8480
8482
8485
8486
8487
8490
8497
8502
8503
8504
8505
8508
8517
8519
8521
8522
8523
8525
8528
8530
8532
8540
8543
8545
8546
8547
8549
8557
8560
8562
8565
8567
8570
8573
8575
8589
8591
8592
8593
8595
8597
8598
8599
8600
8608
8621
8625
8626
8627
8628
8630
8633
8634
8638
8646
8647
8655
8662
8663
8665
8667
8668
8669
8671
8675
8676
8679
8683
8684
8694
8697
8700
8701
8703
8705
8708
8711
8713
8716
8717
8719
8724
8726
8729
8730
8735
8737
8738
8740
8744
8746
8747
8752
8760
8762
8777
8778
8779
8782
8783
8790
8791
8795
8797
8805
8808
8814
8824
8827
8828
8831
8833
8837
8842
8846
8854
8857
8860
8862
8864
8865
8867
8869
8870
8882
8886
8887
8891
8899
8900
8902
8904
8905
8907
8910
8914
8917
8918
8921
8923
8924
8925
8928
8931
8932
8934
8940
8942
8946
8948
8953
8959
8964
8965
8968
8972
8976
8978
8979
8980
8983
8988
8997
8998
9001
9003
9004
9006
9011
9012
9017
9021
9022
9024
9035
9036
9038
9042
9049
9050
9051
9052
9053
9055
9060
9062
9068
9070
9073
9075
9077
9083
9084
9090
9098
9107
9108
9110
9112
9116
9117
9120
9121
9122
9127
9128
9129
9134
9137
9140
9141
9151
9157
9158
9160
9164
9165
9172
9173
9176
9177
9182
9185
9188
9189
9198
9201
9203
9206
9209
9215
9216
9217
9225
9228
9229
9231
9233
9235
9238
9239
9242
9243
9245
9249
9251
9253
9261
9263
9266
9272
9273
9279
9283
9284
9285
9287
9289
9291
9296
9302
9313
9319
9320
9326
9327
9333
9339
9342
9344
9348
9355
9359
9360
9368
9371
9373
9375
9377
9381
9382
9386
9388
9391
9399
9406
9414
9421
9423
9429
9432
9433
9442
9444
9446
9448
9453
9455
9458
9459
9463
9470
9475
9481
9486
9489
9492
9493
9503
9504
9506
9509
9512
9513
9515
9519
9542
9544
9545
9546
9548
9549
9567
9570
9574
9575
9583
9587
9588
9591
9596
9598
9610
9616
9617
9618
9622
9625
9626
9627
9629
9633
9642
9644
9649
9650
9651
9653
9658
9660
9661
9662
9663
9667
9676
9681
9687
9689
9692
9694
9706
9707
9712
9714
9715
9716
9717
9718
9719
9720
9722
9723
9724
9727
9731
9735
9738
9742
9749
9750
9758
9760
9761
9765
9766
9767
9768
9769
9770
9772
9775
9776
9779
9781
9788
9793
9795
9804
9808
9811
9812
9815
9824
9826
9831
9832
9834
9838
9840
9852
9856
9865
9866
9871
9874
9879
9884
9885
9889
9893
9897
9902
9903
9906
9911
9917
9920
9924
9925
9926
9930
9932
9934
9936
9941
9947
9951
9953
9958
9959
9965
9968
9969
9970
9972
9974
9977
9979
9980
9981
9984
9989
9995
9997
9998
10002
10004
10007
10015
10017
10027
10028
10030
10032
10033
10034
10037
10041
10043
10045
10051
10055
10063
10065
10066
10068
10071
10072
10074
10080
10081
10084
10088
10089
10094
10095
10097
10099
10105
10107
10109
10110
10111
10114
10116
10118
10119
10121
10122
10124
10127
10136
10140
10142
10143
10147
10152
10154
10161
10162
10164
10169
10173
10175
10181
10184
10187
10190
10195
10203
10209
10210
10211
10212
10218
10219
10221
10222
10227
10231
10233
10235
10244
10246
10247
10252
10253
10254
10256
10257
10258
10261
10264
10265
10269
10272
10279
10282
10283
10284
10287
10288
10289
10290
10292
10294
10296
10298
10305
10308
10318
10320
10322
10325
10334
10337
10338
10340
10344
10348
10357
10358
10362
10364
10368
10369
10372
10379
10382
10387
10390
10396
10402
10404
10405
10407
10409
10412
10414
10415
10416
10417
10419
10428
10439
10441
10455
10460
10461
10464
10468
10471
10480
10488
10490
10494
10497
10504
10505
10507
10515
10517
10518
10521
10524
10534
10538
10548
10549
10555
10559
10561
10564
10568
10569
10570
10577
10580
10581
10582
10585
10586
10588
10591
10594
10595
10597
10599
10601
10602
10604
10605
10606
10619
10623
10626
10627
10633
10636
10646
10654
10657
10661
10663
10671
10673
10677
10678
10680
10684
10685
10688
10696
10698
10701
10702
10706
10707
10710
10711
10715
10717
10721
10727
10729
10737
10738
10744
10747
10751
10752
10753
10754
10755
10758
10760
10763
10764
10766
10768
10769
10770
10771
10775
10777
10785
10787
10792
10798
10801
10804
10807
10808
10809
10812
10820
10822
10836
10838
10842
10848
10850
10853
10854
10855
10869
10870
10876
10880
10881
10882
10885
10895
10897
10902
10905
10906
10908
10910
10912
10913
10925
10928
10929
10932
10934
10940
10942
10944
10945
10946
10950
10954
10958
10970
10971
10972
10982
10984
10986
10987
10988
10989
10991
10993
10994
10995
11003
11007
11010
11011
11012
11013
11016
11026
11027
11028
11031
11038
11039
11041
11046
11047
11049
11052
11053
11056
11057
11059
11061
11066
11067
11070
11075
11076
11077
11078
11082
11085
11091
11092
11095
11097
11110
11115
11117
11118
11120
11122
11124
11131
11133
11136
11144
11148
11149
11156
11158
11160
11168
11174
11176
11179
11180
11181
11182
11186
11188
11189
11190
11193
11202
11210
11213
11217
11223
11224
11226
11229
11236
11239
11241
11248
11251
11252
11255
11258
11261
11266
11269
11270
11281
11282
11287
11291
11292
11304
11308
11309
11316
11317
11321
11322
11323
11327
11328
11330
11332
11333
11334
11336
11338
11348
11356
11362
11364
11366
11369
11370
11378
11383
11384
11388
11394
11400
11404
11406
11409
11410
11421
11428
11429
11430
11434
11435
11438
11439
11444
11449
11453
11461
11462
11465
11466
11470
11471
11475
11478
11479
11482
11483
11486
11490
11497
11507
11509
11515
11518
11524
11525
11528
11529
11531
11532
11534
11537
11544
11545
11555
11557
11560
11561
11563
11578
11581
11593
11596
11600
11605
11606
11615
11618
11620
11621
11629
11634
11635
11642
11644
11646
11651
11662
11672
11674
11675
11676
11682
11683
11684
11688
11689
11690
11691
11692
11696
11699
11705
11706
11708
11712
11716
11719
11722
11723
11724
11726
11731
11735
11738
11739
11741
11744
11749
11756
11757
11761
11762
11764
11765
11766
11768
11769
11771
11777
11781
11782
11787
11788
11792
11795
11803
11808
11809
11811
11812
11817
11818
11819
11821
11834
11840
11853
11857
11865
11866
11875
11880
11882
11883
11889
11894
11896
11898
11900
11904
11905
11909
11911
11912
11915
11916
11917
11920
11924
11926
11929
11934
11938
11941
11946
11950
11954
11956
11958
11965
11967
11971
11972
11974
11975
11986
11989
11990
11993
11995
11996
11999
12002
12003
12006
12007
12014
12021
12024
12030
12044
12049
12050
12051
12052
12053
12057
12060
12063
12064
12067
12069
12081
12082
12083
12093
12094
12096
12097
12102
12103
12106
12107
12109
12110
12118
12120
12121
12127
12139
12140
12147
12155
12156
12160
12162
12170
12171
12176
12177
12179
12180
12183
12188
12193
12194
12198
12203
12204
12210
12215
12221
12222
12226
12227
12229
12233
12234
12237
12242
12245
12253
12255
12257
12262
12264
12267
12271
12274
12278
12279
12281
12283
12285
12289
12294
12296
12298
12299
12300
12301
12307
12309
12311
12312
12314
12319
12320
12331
12332
12333
12335
12339
12341
12342
12345
12350
12353
12365
12369
12372
12377
12379
12380
12383
12386
12387
12390
12393
12402
12404
12406
12411
12419
12424
12425
12426
12430
12431
12435
12437
12445
12446
12451
12461
12469
12470
12471
12483
12486
12488
12490
12491
12492
12497
12500
12506
12511
12512
12513
12515
12517
12520
12523
12526
12531
12532
12534
12535
12538
12539
12542
12543
12544
12548
12550
12556
12562
12563
12567
12573
12577
12578
12579
12581
12586
12588
12589
12594
12595
12603
12605
12609
12610
12611
12614
12618
12620
12621
12623
12624
12628
12632
12633
12634
12635
12638
12639
12640
12643
12644
12645
12646
12647
12650
12652
12654
12655
12663
12664
12665
12671
12677
12693
12696
12697
12698
12701
12702
12703
12711
12715
12716
12718
12724
12727
12728
12729
12731
12733
12738
12742
12743
12745
12749
12754
12756
12757
12761
12763
12765
12766
12767
12769
12770
12771
12772
12775
12777
12779
12783
12784
12785
12797
12798
12805
12811
12814
12819
12825
12828
12830
12832
12838
12846
12848
12852
12853
12856
12857
12859
12872
12878
12879
12880
12885
12887
12891
12892
12893
12894
12900
12905
12907
12913
12914
12915
12918
12921
12923
12924
12925
12928
12934
12936
12937
12946
12952
12960
12964
12967
12969
12974
12976
12982
12983
12991
12996
13004
13009
13018
13021
13023
13024
13027
13028
13032
13037
13038
13040
13044
13045
13046
13048
13049
13051
13053
13055
13059
13070
13074
13076
13078
13083
13084
13085
13088
13089
13092
13096
13101
13103
13106
13110
13119
13121
13124
13127
13129
13131
13133
13142
13146
13148
13151
13163
13164
13165
13168
13171
13175
13177
13178
13180
13195
13198
13199
13200
13206
13212
13216
13217
13221
13223
13225
13227
13234
13236
13237
13241
13246
13249
13250
13251
13255
13259
13265
13268
13269
13273
13274
13275
13277
13280
13286
13287
13289
13291
13292
13293
13294
13295
13302
13305
13308
13311
13312
13313
13314
13315
13317
13318
13321
13322
13326
13327
13328
13329
13332
13333
13345
13347
13349
13358
13367
13369
13376
13377
13379
13380
13382
13389
13392
13394
13395
13396
13397
13398
13399
13400
13402
13408
13410
13411
13415
13417
13419
13421
13423
13425
13429
13430
13433
13440
13441
13443
13445
13447
13448
13461
13462
13463
13464
13466
13467
13469
13471
13481
13482
13485
13487
13495
13496
13500
13502
13509
13511
13514
13521
13524
13525
13531
13540
13542
13545
13546
13550
13551
13552
13553
13556
13559
13562
13563
13566
13567
13568
13578
13579
13581
13585
13588
13589
13593
13595
13598
13599
13600
13605
13613
13617
13618
13620
13621
13624
13625
13635
13636
13637
13638
13643
13645
13649
13652
13653
13659
13667
13675
13676
13679
13681
13684
13688
13689
13693
13694
13700
13703
13706
13708
13712
13713
13718
13719
13721
13724
13725
13728
13729
13736
13737
13739
13740
13743
13744
13745
13747
13751
13752
13761
13769
13770
13771
13772
13773
13776
13783
13790
13793
13797
13812
13820
13821
13823
13827
13828
13833
13836
13839
13840
13846
13851
13857
13859
13871
13872
13875
13879
13880
13881
13883
13884
13885
13894
13898
13900
13903
13912
13914
13916
13917
13920
13921
13926
13927
13932
13936
13937
13941
13942
13946
13947
13952
13963
13966
13967
13969
13970
13972
13973
13977
13979
13982
13987
13995
14005
14009
14010
14013
14014
14021
14022
14024
14025
14030
14042
14044
14048
14054
14056
14064
14069
14075
14076
14077
14078
14081
14084
14090
14091
14092
14093
14096
14107
14110
14116
14119
14120
14121
14123
14125
14129
14139
14140
14144
14150
14151
14157
14158
14159
14162
14163
14167
14173
14174
14177
14178
14180
14184
14186
14190
14191
14192
14193
14198
14199
14202
14203
14208
14216
14221
14229
14230
14232
14234
14238
14239
14244
14246
14247
14248
14252
14254
14255
14259
14262
14274
14275
14276
14277
14283
14285
14291
14297
14299
14300
14310
14311
14313
14318
14319
14321
14328
14333
14334
14335
14337
14342
14343
14344
14350
14352
14355
14361
14365
14366
14370
14376
14381
14388
14389
14391
14392
14394
14397
14400
14402
14403
14404
14407
14411
14413
14417
14419
14425
14426
14431
14434
14448
14454
14455
14456
14459
14461
14462
14463
14470
14474
14475
14478
14479
14487
14494
14495
14497
14499
14501
14503
14504
14507
14513
14515
14517
14523
14525
14532
14533
14537
14539
14542
14545
14553
14554
14558
14563
14570
14571
14575
14581
14583
14584
14587
14593
14594
14603
14605
14606
14609
14610
14613
14614
14621
14626
14629
14630
14634
14636
14637
14647
14648
14650
14651
14652
14659
14662
14666
14667
14672
14677
14682
14695
14698
14699
14701
14717
14720
14724
14726
14727
14729
14733
14740
14743
14747
14751
14759
14764
14765
14767
14775
14777
14783
14785
14786
14787
14788
14794
14797
14798
14800
14801
14802
14804
14805
14807
14808
14810
14813
14818
14821
14823
14824
14825
14835
14836
14840
14842
14843
14850
14851
14852
14859
14860
14862
14864
14869
14872
14873
14876
14878
14882
14884
14896
14897
14898
14899
14900
14905
14908
14911
14912
14917
14919
14921
14922
14935
14939
14940
14941
14946
14948
14949
14953
14954
14958
14967
14971
14977
14983
14984
14996
14998
15001
15002
15007
15008
15011
15014
15024
15026
15030
15032
15033
15035
15039
15042
15045
15056
15057
15059
15061
15065
15066
15067
15072
15081
15082
15092
15099
15101
15102
15103
15104
15110
15113
15115
15118
15119
15122
15127
15129
15133
15136
15140
15144
15148
15150
15161
15162
15174
15179
15187
15188
15191
15192
15197
15201
15202
15209
15214
15216
15217
15218
15221
15225
15231
15232
15237
15239
15242
15245
15246
15248
15255
15256
15261
15267
15272
15275
15277
15283
15284
15286
15292
15293
15300
15307
15310
15311
15312
15313
15320
15322
15325
15326
15327
15328
15342
15343
15346
15348
15349
15351
15354
15357
15358
15359
15363
15365
15366
15370
15372
15374
15376
15377
15378
15381
15384
15386
15387
15388
15389
15391
15393
15395
15403
15406
15408
15409
15411
15412
15413
15414
15415
15418
15422
15427
15431
15440
15443
15448
15450
15454
15455
15457
15460
15461
15463
15464
15470
15474
15475
15477
15483
15487
15490
15492
15493
15497
15501
15502
15505
15506
15509
15510
15513
15514
15519
15521
15525
15526
15531
15532
15540
15543
15544
15545
15546
15556
15561
15565
15568
15569
15570
15571
15577
15579
15581
15582
15583
15584
15588
15590
15591
15593
15597
15598
15599
15601
15608
15610
15611
15612
15615
15617
15619
15628
15630
15634
15638
15642
15643
15645
15646
15651
15653
15654
15655
15656
15658
15659
15660
15661
15662
15669
15670
15672
15675
15677
15680
15683
15684
15687
15693
15697
15699
15704
15705
15706
15707
15708
15710
15712
15721
15722
15723
15730
15731
15740
15743
15746
15748
15752
15754
15757
15759
15761
15769
15780
15783
15789
15793
15800
15803
15806
15810
15811
15815
15816
15822
15828
15829
15833
15834
15838
15841
15856
15857
15864
15865
15866
15868
15869
15872
15878
15880
15883
15885
15899
15901
15903
15906
15907
15908
15911
15914
15918
15922
15926
15929
15931
15932
15937
15938
15941
15946
15954
15955
15957
15959
15965
15966
15967
15970
15973
15979
15980
15983
15985
15989
15991
15994
15997
16004
16005
16007
16018
16019
16021
16024
16025
16026
16029
16030
16031
16033
16036
16042
16043
16051
16054
16056
16058
16060
16062
16065
16070
16078
16082
16087
16089
16090
16092
16096
16097
16101
16105
16108
16110
16120
16121
16127
16132
16134
16137
16147
16152
16155
16158
16161
16167
16170
16174
16185
16186
16189
16198
16201
16202
16205
16206
16208
16209
16210
16216
16222
16223
16229
16230
16231
16232
16235
16244
16251
16252
16255
16256
16258
16262
16271
16273
16276
16279
16281
16282
16285
16289
16290
16292
16296
16302
16307
16308
16316
16317
16320
16321
16326
16327
16333
16334
16335
16343
16347
16348
16359
16362
16365
16367
16370
16380
16383
16385
16393
16396
16397
16400
16404
16405
16406
16408
16410
16411
16415
16416
16417
16420
16423
16429
16431
16437
16443
16445
16446
16448
16451
16452
16453
16455
16456
16460
16463
16465
16466
16474
16477
16481
16489
16495
16500
16506
16511
16512
16513
16515
16516
16519
16523
16529
16537
16540
16548
16550
16552
16553
16561
16565
16566
16576
16578
16579
16581
16585
16586
16587
16588
16590
16591
16595
16601
16602
16610
16616
16620
16621
16625
16627
16631
16634
16636
16637
16640
16642
16645
16649
16651
16655
16657
16658
16661
16663
16664
16665
