10000
-10000
-9998
-9997
-9987
-9986
-9984
-9982
-9980
-9979
-9977
-9976
-9975
-9971
-9969
-9968
-9963
-9962
-9961
-9960
-9957
-9953
-9951
-9946
-9945
-9944
-9943
-9942
-9940
-9938
-9935
-9934
-9931
-9930
-9929
-9928
-9927
-9925
-9924
-9923
-9922
-9920
-9918
-9917
-9914
-9910
-9909
-9906
-9905
-9903
-9902
-9897
-9895
-9894
-9893
-9889
-9886
-9885
-9884
-9881
-9879
-9878
-9876
-9875
-9874
-9870
-9869
-9868
-9866
-9864
-9861
-9859
-9857
-9855
-9852
-9851
-9850
-9849
-9846
-9845
-9841
-9839
-9836
-9832
-9827
-9817
-9813
-9812
-9809
-9808
-9807
-9806
-9802
-9801
-9798
-9795
-9787
-9786
-9784
-9783
-9781
-9780
-9778
-9776
-9775
-9774
-9773
-9772
-9770
-9766
-9765
-9763
-9761
-9760
-9757
-9755
-9754
-9753
-9752
-9751
-9750
-9747
-9746
-9745
-9742
-9741
-9739
-9738
-9735
-9728
-9727
-9726
-9723
-9722
-9721
-9719
-9718
-9717
-9714
-9713
-9712
-9711
-9710
-9706
-9705
-9704
-9700
-9694
-9690
-9687
-9686
-9682
-9676
-9674
-9673
-9672
-9671
-9670
-9669
-9668
-9667
-9663
-9662
-9661
-9660
-9658
-9657
-9656
-9654
-9653
-9652
-9651
-9647
-9645
-9644
-9643
-9640
-9639
-9635
-9634
-9632
-9631
-9630
-9626
-9625
-9624
-9622
-9619
-9618
-9616
-9614
-9613
-9607
-9606
-9598
-9597
-9596
-9590
-9589
-9587
-9586
-9582
-9579
-9577
-9575
-9574
-9572
-9571
-9569
-9568
-9567
-9566
-9565
-9564
-9563
-9559
-9557
-9556
-9555
-9554
-9552
-9548
-9547
-9546
-9540
-9539
-9538
-9536
-9534
-9530
-9526
-9519
-9517
-9514
-9510
-9509
-9504
-9503
-9501
-9500
-9498
-9497
-9494
-9493
-9492
-9490
-9488
-9487
-9486
-9484
-9483
-9480
-9476
-9475
-9474
-9473
-9469
-9468
-9466
-9465
-9464
-9462
-9461
-9459
-9458
-9457
-9456
-9454
-9453
-9450
-9448
-9447
-9446
-9444
-9443
-9441
-9440
-9439
-9436
-9434
-9433
-9432
-9431
-9430
-9428
-9427
-9424
-9423
-9422
-9421
-9411
-9410
-9408
-9407
-9406
-9405
-9404
-9402
-9401
-9399
-9397
-9395
-9394
-9392
-9391
-9389
-9388
-9386
-9384
-9381
-9380
-9378
-9376
-9375
-9374
-9372
-9370
-9364
-9357
-9356
-9353
-9351
-9349
-9343
-9342
-9341
-9338
-9337
-9330
-9326
-9322
-9320
-9319
-9317
-9315
-9314
-9313
-9312
-9310
-9307
-9304
-9303
-9302
-9300
-9299
-9296
-9295
-9291
-9288
-9286
-9281
-9280
-9277
-9275
-9273
-9269
-9266
-9262
-9261
-9260
-9259
-9258
-9257
-9254
-9253
-9252
-9251
-9250
-9249
-9246
-9245
-9243
-9242
-9241
-9238
-9237
-9235
-9233
-9231
-9229
-9224
-9218
-9215
-9214
-9213
-9208
-9207
-9204
-9198
-9197
-9195
-9194
-9193
-9191
-9188
-9184
-9180
-9179
-9173
-9170
-9169
-9168
-9161
-9160
-9159
-9157
-9156
-9152
-9151
-9150
-9149
-9147
-9145
-9140
-9139
-9136
-9135
-9134
-9131
-9129
-9128
-9127
-9124
-9120
-9117
-9113
-9112
-9111
-9107
-9104
-9101
-9100
-9099
-9096
-9095
-9092
-9091
-9089
-9088
-9087
-9085
-9083
-9082
-9080
-9077
-9075
-9074
-9073
-9071
-9070
-9069
-9065
-9064
-9061
-9055
-9053
-9052
-9051
-9050
-9048
-9045
-9042
-9041
-9040
-9039
-9036
-9033
-9032
-9030
-9027
-9025
-9024
-9023
-9020
-9019
-9018
-9015
-9013
-9012
-9010
-9009
-9008
-9007
-9006
-9002
-9000
-8994
-8992
-8991
-8990
-8987
-8986
-8983
-8982
-8981
-8977
-8975
-8974
-8973
-8971
-8968
-8967
-8966
-8965
-8964
-8963
-8962
-8960
-8956
-8955
-8949
-8946
-8944
-8943
-8940
-8934
-8928
-8925
-8924
-8923
-8920
-8916
-8913
-8911
-8910
-8907
-8906
-8903
-8902
-8901
-8898
-8893
-8892
-8891
-8887
-8884
-8883
-8881
-8879
-8875
-8874
-8873
-8872
-8871
-8870
-8869
-8866
-8864
-8862
-8861
-8857
-8856
-8855
-8851
-8849
-8848
-8847
-8843
-8842
-8841
-8838
-8837
-8836
-8835
-8834
-8832
-8830
-8829
-8828
-8827
-8826
-8824
-8822
-8821
-8817
-8814
-8812
-8811
-8810
-8806
-8802
-8801
-8799
-8797
-8796
-8795
-8794
-8793
-8790
-8788
-8787
-8784
-8782
-8780
-8776
-8774
-8772
-8771
-8770
-8769
-8766
-8765
-8759
-8757
-8756
-8753
-8751
-8749
-8748
-8747
-8745
-8744
-8743
-8739
-8737
-8736
-8734
-8733
-8732
-8731
-8729
-8728
-8727
-8726
-8725
-8724
-8723
-8722
-8720
-8719
-8716
-8711
-8710
-8708
-8706
-8705
-8704
-8702
-8701
-8700
-8698
-8697
-8694
-8693
-8686
-8683
-8680
-8673
-8668
-8665
-8660
-8657
-8654
-8652
-8649
-8648
-8647
-8644
-8641
-8636
-8632
-8630
-8629
-8626
-8625
-8624
-8623
-8622
-8621
-8620
-8619
-8618
-8617
-8615
-8612
-8610
-8609
-8608
-8607
-8606
-8605
-8602
-8601
-8598
-8597
-8595
-8594
-8592
-8591
-8587
-8585
-8584
-8582
-8580
-8578
-8572
-8569
-8568
-8563
-8562
-8560
-8559
-8558
-8557
-8556
-8555
-8554
-8551
-8550
-8549
-8546
-8545
-8544
-8543
-8542
-8539
-8536
-8534
-8533
-8532
-8531
-8527
-8524
-8523
-8520
-8518
-8515
-8513
-8510
-8508
-8506
-8505
-8504
-8503
-8500
-8499
-8497
-8496
-8493
-8491
-8490
-8488
-8487
-8485
-8484
-8479
-8478
-8473
-8470
-8465
-8464
-8463
-8461
-8460
-8459
-8457
-8456
-8453
-8452
-8451
-8450
-8449
-8447
-8442
-8440
-8436
-8432
-8431
-8430
-8429
-8427
-8426
-8425
-8424
-8422
-8421
-8420
-8417
-8416
-8415
-8414
-8413
-8412
-8410
-8409
-8408
-8407
-8406
-8405
-8404
-8403
-8402
-8400
-8399
-8397
-8394
-8391
-8390
-8388
-8380
-8379
-8377
-8375
-8374
-8371
-8370
-8368
-8363
-8358
-8357
-8356
-8355
-8351
-8350
-8349
-8348
-8344
-8343
-8342
-8340
-8339
-8334
-8331
-8326
-8323
-8322
-8321
-8320
-8317
-8316
-8310
-8308
-8306
-8305
-8303
-8302
-8301
-8297
-8294
-8290
-8288
-8287
-8286
-8282
-8281
-8280
-8276
-8271
-8268
-8266
-8264
-8263
-8262
-8260
-8255
-8252
-8251
-8249
-8248
-8247
-8246
-8242
-8241
-8239
-8235
-8232
-8231
-8229
-8228
-8227
-8222
-8221
-8219
-8218
-8217
-8214
-8213
-8211
-8208
-8206
-8204
-8203
-8197
-8196
-8191
-8190
-8189
-8188
-8187
-8185
-8184
-8183
-8182
-8177
-8176
-8175
-8171
-8170
-8169
-8165
-8163
-8159
-8158
-8157
-8153
-8151
-8148
-8147
-8146
-8145
-8142
-8141
-8140
-8137
-8136
-8134
-8132
-8127
-8124
-8121
-8119
-8117
-8115
-8113
-8110
-8105
-8104
-8103
-8101
-8100
-8099
-8098
-8093
-8091
-8087
-8086
-8085
-8084
-8082
-8080
-8079
-8077
-8075
-8074
-8073
-8069
-8068
-8067
-8064
-8063
-8062
-8059
-8057
-8056
-8055
-8051
-8050
-8049
-8048
-8047
-8046
-8043
-8041
-8040
-8034
-8032
-8031
-8029
-8028
-8027
-8026
-8025
-8024
-8018
-8016
-8015
-8014
-8011
-8008
-8006
-8001
-7995
-7992
-7990
-7989
-7988
-7987
-7986
-7984
-7979
-7977
-7976
-7973
-7972
-7971
-7969
-7968
-7967
-7965
-7963
-7962
-7961
-7960
-7959
-7955
-7952
-7947
-7945
-7942
-7934
-7933
-7931
-7928
-7926
-7925
-7923
-7922
-7920
-7914
-7913
-7910
-7909
-7903
-7900
-7898
-7897
-7896
-7895
-7894
-7893
-7889
-7884
-7882
-7881
-7880
-7879
-7878
-7877
-7876
-7872
-7871
-7868
-7865
-7864
-7862
-7859
-7856
-7850
-7849
-7847
-7845
-7844
-7842
-7841
-7837
-7835
-7834
-7832
-7831
-7829
-7826
-7824
-7823
-7818
-7816
-7815
-7814
-7812
-7811
-7810
-7809
-7807
-7804
-7802
-7800
-7799
-7798
-7796
-7795
-7793
-7789
-7788
-7785
-7783
-7781
-7779
-7776
-7772
-7768
-7767
-7766
-7764
-7763
-7761
-7760
-7758
-7756
-7751
-7748
-7745
-7744
-7742
-7741
-7740
-7738
-7737
-7736
-7735
-7732
-7730
-7726
-7723
-7722
-7720
-7719
-7715
-7712
-7711
-7710
-7709
-7706
-7704
-7700
-7698
-7697
-7696
-7695
-7694
-7691
-7690
-7689
-7688
-7687
-7685
-7684
-7678
-7677
-7674
-7673
-7671
-7670
-7666
-7665
-7662
-7660
-7659
-7655
-7653
-7651
-7650
-7647
-7645
-7644
-7643
-7640
-7639
-7638
-7636
-7634
-7633
-7632
-7631
-7630
-7628
-7627
-7626
-7623
-7616
-7612
-7611
-7609
-7608
-7607
-7606
-7604
-7603
-7596
-7594
-7593
-7589
-7586
-7585
-7584
-7582
-7578
-7577
-7576
-7573
-7571
-7568
-7566
-7563
-7562
-7560
-7558
-7557
-7556
-7555
-7553
-7552
-7551
-7549
-7547
-7545
-7541
-7535
-7534
-7533
-7531
-7530
-7528
-7526
-7524
-7522
-7521
-7517
-7513
-7512
-7511
-7509
-7508
-7507
-7506
-7504
-7503
-7502
-7498
-7497
-7496
-7494
-7493
-7492
-7491
-7489
-7484
-7483
-7477
-7475
-7471
-7470
-7469
-7468
-7466
-7462
-7460
-7457
-7454
-7453
-7449
-7447
-7444
-7443
-7438
-7437
-7434
-7429
-7426
-7424
-7423
-7422
-7420
-7419
-7416
-7413
-7408
-7406
-7405
-7404
-7400
-7399
-7396
-7394
-7393
-7391
-7390
-7388
-7382
-7381
-7379
-7378
-7377
-7376
-7375
-7374
-7373
-7370
-7369
-7368
-7364
-7360
-7358
-7356
-7354
-7353
-7351
-7350
-7348
-7346
-7344
-7342
-7339
-7337
-7336
-7334
-7333
-7331
-7330
-7329
-7328
-7327
-7322
-7321
-7318
-7317
-7314
-7313
-7311
-7310
-7308
-7307
-7304
-7303
-7301
-7300
-7299
-7297
-7296
-7295
-7294
-7292
-7291
-7289
-7288
-7286
-7285
-7283
-7282
-7280
-7279
-7278
-7275
-7274
-7272
-7270
-7269
-7268
-7261
-7259
-7258
-7256
-7254
-7253
-7251
-7250
-7249
-7243
-7242
-7241
-7239
-7238
-7234
-7233
-7232
-7230
-7227
-7222
-7220
-7219
-7216
-7214
-7212
-7211
-7210
-7209
-7206
-7204
-7202
-7201
-7200
-7199
-7198
-7195
-7194
-7192
-7191
-7190
-7188
-7187
-7186
-7185
-7184
-7182
-7178
-7177
-7176
-7173
-7171
-7169
-7168
-7167
-7160
-7157
-7155
-7152
-7150
-7149
-7148
-7144
-7143
-7139
-7138
-7137
-7136
-7135
-7132
-7131
-7130
-7127
-7126
-7124
-7123
-7122
-7113
-7110
-7109
-7108
-7103
-7102
-7100
-7099
-7098
-7097
-7096
-7095
-7093
-7092
-7089
-7088
-7087
-7086
-7085
-7083
-7082
-7081
-7078
-7076
-7075
-7074
-7071
-7069
-7068
-7067
-7065
-7064
-7062
-7056
-7055
-7054
-7053
-7051
-7049
-7047
-7045
-7043
-7042
-7041
-7040
-7039
-7038
-7037
-7032
-7028
-7026
-7025
-7024
-7020
-7019
-7016
-7013
-7011
-7008
-7005
-7004
-7003
-7001
-7000
-6998
-6995
-6994
-6990
-6988
-6987
-6986
-6982
-6980
-6979
-6978
-6977
-6976
-6974
-6973
-6970
-6967
-6966
-6964
-6962
-6961
-6960
-6956
-6954
-6950
-6948
-6947
-6946
-6945
-6944
-6943
-6940
-6939
-6938
-6931
-6930
-6927
-6926
-6925
-6922
-6921
-6918
-6917
-6916
-6914
-6910
-6908
-6907
-6906
-6904
-6903
-6900
-6898
-6897
-6896
-6894
-6892
-6889
-6888
-6886
-6885
-6884
-6883
-6882
-6879
-6876
-6875
-6874
-6873
-6872
-6871
-6868
-6866
-6862
-6860
-6859
-6858
-6857
-6855
-6850
-6849
-6846
-6845
-6840
-6838
-6837
-6835
-6832
-6830
-6829
-6827
-6826
-6825
-6824
-6820
-6819
-6817
-6816
-6814
-6812
-6806
-6805
-6804
-6803
-6800
-6798
-6796
-6795
-6789
-6788
-6781
-6778
-6775
-6774
-6771
-6770
-6769
-6767
-6766
-6764
-6763
-6762
-6761
-6760
-6759
-6758
-6757
-6754
-6753
-6750
-6748
-6746
-6744
-6742
-6741
-6740
-6739
-6735
-6734
-6730
-6728
-6723
-6722
-6719
-6717
-6716
-6714
-6711
-6709
-6706
-6705
-6704
-6703
-6702
-6700
-6697
-6696
-6695
-6694
-6692
-6691
-6689
-6688
-6685
-6684
-6683
-6680
-6679
-6678
-6676
-6673
-6669
-6666
-6663
-6662
-6660
-6656
-6654
-6653
-6648
-6647
-6646
-6643
-6641
-6640
-6639
-6638
-6633
-6630
-6625
-6620
-6618
-6617
-6616
-6614
-6613
-6612
-6611
-6610
-6609
-6608
-6607
-6606
-6601
-6592
-6590
-6589
-6588
-6587
-6586
-6584
-6578
-6577
-6575
-6571
-6570
-6569
-6565
-6563
-6562
-6560
-6558
-6555
-6551
-6546
-6545
-6544
-6540
-6538
-6537
-6535
-6534
-6533
-6531
-6530
-6527
-6525
-6524
-6523
-6522
-6519
-6518
-6516
-6515
-6513
-6512
-6511
-6507
-6506
-6504
-6503
-6497
-6496
-6495
-6494
-6491
-6489
-6488
-6487
-6485
-6484
-6483
-6481
-6478
-6476
-6474
-6471
-6470
-6465
-6459
-6458
-6454
-6453
-6450
-6449
-6448
-6446
-6442
-6437
-6436
-6435
-6431
-6430
-6428
-6426
-6424
-6421
-6420
-6419
-6415
-6414
-6410
-6408
-6407
-6405
-6404
-6403
-6402
-6400
-6399
-6396
-6395
-6393
-6390
-6388
-6386
-6385
-6384
-6382
-6380
-6379
-6375
-6373
-6368
-6367
-6362
-6360
-6359
-6358
-6357
-6353
-6348
-6347
-6344
-6340
-6336
-6334
-6333
-6331
-6329
-6326
-6324
-6323
-6320
-6319
-6317
-6316
-6315
-6312
-6307
-6306
-6305
-6304
-6302
-6301
-6298
-6295
-6289
-6286
-6285
-6284
-6283
-6282
-6281
-6280
-6279
-6278
-6275
-6273
-6272
-6271
-6270
-6267
-6264
-6263
-6262
-6261
-6260
-6259
-6256
-6254
-6250
-6249
-6246
-6244
-6243
-6242
-6239
-6238
-6236
-6235
-6233
-6231
-6228
-6224
-6222
-6218
-6215
-6214
-6211
-6209
-6206
-6205
-6204
-6203
-6197
-6193
-6192
-6191
-6190
-6188
-6186
-6185
-6184
-6183
-6182
-6180
-6179
-6178
-6177
-6175
-6173
-6172
-6171
-6170
-6163
-6159
-6156
-6155
-6153
-6152
-6151
-6149
-6147
-6143
-6142
-6141
-6139
-6138
-6136
-6131
-6130
-6128
-6126
-6118
-6116
-6115
-6114
-6112
-6110
-6109
-6104
-6102
-6100
-6097
-6095
-6092
-6091
-6082
-6081
-6080
-6078
-6072
-6071
-6069
-6066
-6065
-6064
-6063
-6062
-6060
-6059
-6058
-6055
-6054
-6053
-6052
-6043
-6040
-6036
-6035
-6034
-6032
-6031
-6029
-6027
-6025
-6021
-6014
-6013
-6012
-6005
-6004
-6003
-6002
-5999
-5997
-5994
-5992
-5991
-5990
-5987
-5986
-5984
-5983
-5982
-5981
-5980
-5977
-5976
-5974
-5970
-5969
-5968
-5967
-5966
-5962
-5960
-5959
-5957
-5954
-5953
-5952
-5951
-5950
-5949
-5947
-5943
-5942
-5941
-5939
-5938
-5936
-5935
-5934
-5929
-5928
-5926
-5924
-5919
-5915
-5914
-5913
-5912
-5911
-5906
-5903
-5902
-5900
-5895
-5894
-5893
-5891
-5890
-5886
-5880
-5878
-5875
-5872
-5870
-5868
-5866
-5859
-5858
-5856
-5854
-5853
-5852
-5851
-5850
-5849
-5847
-5845
-5844
-5842
-5839
-5837
-5833
-5831
-5830
-5828
-5827
-5826
-5825
-5823
-5822
-5821
-5820
-5819
-5818
-5816
-5813
-5812
-5809
-5807
-5803
-5802
-5799
-5798
-5797
-5794
-5789
-5788
-5787
-5786
-5783
-5782
-5773
-5771
-5770
-5768
-5767
-5765
-5761
-5759
-5756
-5755
-5754
-5753
-5751
-5750
-5748
-5745
-5741
-5738
-5728
-5726
-5722
-5720
-5718
-5716
-5715
-5710
-5709
-5707
-5705
-5703
-5702
-5701
-5700
-5697
-5695
-5690
-5688
-5687
-5686
-5683
-5682
-5681
-5680
-5672
-5671
-5668
-5666
-5665
-5664
-5663
-5662
-5661
-5658
-5656
-5655
-5654
-5653
-5652
-5651
-5647
-5644
-5643
-5641
-5635
-5631
-5629
-5627
-5626
-5625
-5623
-5622
-5616
-5615
-5611
-5609
-5608
-5607
-5603
-5602
-5600
-5598
-5595
-5593
-5589
-5588
-5587
-5583
-5581
-5580
-5578
-5574
-5570
-5568
-5567
-5564
-5563
-5562
-5560
-5558
-5554
-5552
-5551
-5550
-5548
-5545
-5544
-5541
-5536
-5535
-5534
-5533
-5532
-5530
-5529
-5528
-5527
-5526
-5525
-5524
-5519
-5518
-5516
-5513
-5511
-5509
-5508
-5505
-5501
-5499
-5498
-5494
-5492
-5490
-5489
-5488
-5484
-5483
-5476
-5475
-5474
-5473
-5471
-5470
-5469
-5468
-5466
-5462
-5460
-5459
-5458
-5454
-5451
-5450
-5449
-5448
-5446
-5445
-5442
-5439
-5437
-5433
-5431
-5430
-5429
-5427
-5424
-5422
-5415
-5413
-5412
-5409
-5408
-5405
-5401
-5397
-5394
-5391
-5389
-5388
-5386
-5385
-5383
-5382
-5381
-5379
-5378
-5377
-5373
-5372
-5370
-5369
-5367
-5366
-5364
-5362
-5361
-5359
-5358
-5357
-5356
-5355
-5354
-5352
-5350
-5348
-5347
-5346
-5344
-5343
-5341
-5339
-5338
-5336
-5335
-5331
-5330
-5328
-5325
-5322
-5320
-5319
-5318
-5313
-5312
-5311
-5309
-5304
-5301
-5300
-5298
-5296
-5294
-5293
-5292
-5291
-5288
-5285
-5283
-5282
-5281
-5279
-5278
-5276
-5275
-5274
-5273
-5272
-5271
-5269
-5267
-5265
-5264
-5263
-5259
-5253
-5251
-5250
-5248
-5246
-5245
-5243
-5242
-5241
-5240
-5237
-5236
-5235
-5234
-5232
-5230
-5229
-5226
-5225
-5224
-5219
-5218
-5215
-5213
-5211
-5210
-5207
-5206
-5205
-5203
-5202
-5198
-5192
-5190
-5188
-5187
-5185
-5183
-5182
-5181
-5180
-5171
-5169
-5166
-5165
-5163
-5162
-5161
-5158
-5156
-5153
-5150
-5149
-5148
-5143
-5141
-5140
-5136
-5133
-5131
-5128
-5127
-5126
-5125
-5124
-5123
-5122
-5120
-5116
-5115
-5114
-5113
-5111
-5110
-5107
-5106
-5103
-5102
-5101
-5098
-5097
-5093
-5091
-5088
-5086
-5085
-5081
-5078
-5077
-5075
-5071
-5069
-5068
-5067
-5064
-5061
-5060
-5055
-5054
-5053
-5052
-5042
-5039
-5038
-5037
-5034
-5032
-5031
-5029
-5027
-5025
-5020
-5018
-5012
-5010
-5009
-5007
-5002
-5001
-5000
-4996
-4995
-4992
-4989
-4987
-4982
-4980
-4977
-4975
-4973
-4972
-4971
-4970
-4965
-4963
-4959
-4958
-4957
-4955
-4954
-4952
-4950
-4949
-4948
-4947
-4946
-4944
-4943
-4942
-4940
-4938
-4936
-4934
-4933
-4932
-4931
-4929
-4928
-4927
-4925
-4924
-4923
-4921
-4919
-4916
-4915
-4912
-4911
-4910
-4908
-4907
-4903
-4899
-4898
-4897
-4895
-4894
-4892
-4891
-4888
-4887
-4886
-4885
-4883
-4882
-4881
-4880
-4879
-4878
-4877
-4876
-4875
-4873
-4872
-4870
-4868
-4867
-4864
-4863
-4860
-4859
-4854
-4853
-4852
-4851
-4849
-4847
-4845
-4843
-4842
-4841
-4840
-4836
-4835
-4833
-4832
-4829
-4828
-4825
-4824
-4821
-4819
-4818
-4814
-4812
-4809
-4808
-4806
-4805
-4804
-4803
-4801
-4800
-4798
-4794
-4793
-4792
-4790
-4789
-4788
-4786
-4784
-4783
-4781
-4780
-4779
-4776
-4775
-4769
-4767
-4766
-4765
-4763
-4762
-4761
-4760
-4758
-4757
-4754
-4753
-4752
-4750
-4748
-4746
-4745
-4744
-4743
-4742
-4741
-4740
-4737
-4735
-4734
-4733
-4731
-4727
-4722
-4721
-4719
-4718
-4717
-4715
-4712
-4709
-4705
-4704
-4703
-4702
-4701
-4699
-4698
-4697
-4696
-4694
-4693
-4692
-4689
-4688
-4686
-4682
-4677
-4674
-4671
-4666
-4662
-4659
-4655
-4651
-4650
-4649
-4648
-4647
-4646
-4645
-4644
-4643
-4641
-4639
-4635
-4628
-4622
-4621
-4620
-4619
-4618
-4617
-4616
-4614
-4613
-4611
-4606
-4605
-4601
-4600
-4598
-4590
-4588
-4587
-4586
-4584
-4583
-4582
-4581
-4578
-4577
-4576
-4573
-4571
-4569
-4568
-4566
-4561
-4557
-4556
-4555
-4552
-4550
-4547
-4546
-4545
-4544
-4543
-4542
-4538
-4537
-4535
-4534
-4531
-4530
-4526
-4522
-4521
-4518
-4517
-4516
-4515
-4514
-4513
-4509
-4507
-4506
-4505
-4503
-4502
-4498
-4496
-4495
-4493
-4491
-4486
-4485
-4484
-4483
-4482
-4477
-4474
-4467
-4466
-4465
-4463
-4461
-4460
-4457
-4453
-4452
-4451
-4450
-4449
-4448
-4444
-4443
-4442
-4441
-4440
-4437
-4435
-4432
-4429
-4428
-4427
-4423
-4421
-4420
-4419
-4418
-4417
-4416
-4414
-4413
-4412
-4408
-4407
-4406
-4405
-4403
-4402
-4400
-4399
-4397
-4396
-4394
-4389
-4388
-4385
-4384
-4383
-4382
-4378
-4374
-4372
-4371
-4370
-4369
-4366
-4365
-4364
-4363
-4362
-4361
-4358
-4350
-4346
-4344
-4343
-4342
-4341
-4339
-4335
-4333
-4330
-4320
-4319
-4315
-4310
-4308
-4303
-4301
-4300
-4299
-4298
-4295
-4293
-4291
-4289
-4288
-4281
-4280
-4278
-4277
-4275
-4273
-4272
-4271
-4270
-4268
-4267
-4264
-4262
-4261
-4260
-4259
-4258
-4257
-4255
-4254
-4250
-4247
-4246
-4245
-4244
-4243
-4237
-4235
-4234
-4233
-4231
-4228
-4227
-4226
-4224
-4223
-4219
-4217
-4215
-4213
-4211
-4210
-4208
-4207
-4206
-4205
-4204
-4203
-4202
-4201
-4197
-4196
-4195
-4193
-4192
-4190
-4189
-4181
-4180
-4178
-4176
-4170
-4169
-4168
-4163
-4162
-4159
-4150
-4149
-4148
-4147
-4146
-4143
-4140
-4139
-4137
-4135
-4133
-4132
-4131
-4128
-4127
-4126
-4125
-4124
-4123
-4122
-4121
-4117
-4116
-4111
-4110
-4107
-4105
-4104
-4102
-4096
-4095
-4094
-4093
-4089
-4087
-4083
-4082
-4080
-4077
-4071
-4067
-4066
-4065
-4063
-4061
-4060
-4059
-4057
-4055
-4054
-4050
-4049
-4048
-4047
-4046
-4045
-4042
-4041
-4040
-4039
-4038
-4037
-4036
-4035
-4034
-4033
-4032
-4031
-4030
-4029
-4028
-4027
-4026
-4025
-4024
-4020
-4019
-4018
-4015
-4014
-4013
-4009
-4008
-4007
-4005
-4004
-4003
-4002
-4000
-3998
-3997
-3995
-3992
-3991
-3990
-3987
-3983
-3982
-3980
-3978
-3974
-3973
-3972
-3969
-3967
-3966
-3963
-3962
-3960
-3958
-3951
-3950
-3949
-3946
-3942
-3941
-3940
-3938
-3936
-3933
-3929
-3928
-3927
-3926
-3924
-3923
-3919
-3916
-3915
-3914
-3912
-3911
-3910
-3909
-3899
-3897
-3896
-3895
-3893
-3892
-3891
-3890
-3889
-3887
-3886
-3885
-3883
-3881
-3869
-3868
-3867
-3865
-3864
-3863
-3862
-3857
-3855
-3854
-3853
-3850
-3849
-3845
-3842
-3841
-3835
-3833
-3831
-3830
-3826
-3825
-3823
-3822
-3821
-3819
-3818
-3817
-3816
-3814
-3810
-3805
-3799
-3797
-3796
-3795
-3793
-3792
-3791
-3790
-3789
-3788
-3786
-3783
-3781
-3773
-3772
-3771
-3769
-3767
-3765
-3758
-3753
-3752
-3750
-3749
-3744
-3743
-3739
-3734
-3731
-3729
-3728
-3727
-3726
-3723
-3722
-3721
-3720
-3719
-3718
-3717
-3715
-3712
-3711
-3709
-3707
-3701
-3700
-3697
-3696
-3695
-3694
-3693
-3690
-3687
-3686
-3683
-3678
-3677
-3673
-3670
-3669
-3666
-3665
-3663
-3661
-3659
-3656
-3655
-3654
-3652
-3651
-3649
-3645
-3643
-3640
-3637
-3633
-3631
-3627
-3625
-3624
-3619
-3618
-3616
-3615
-3612
-3605
-3603
-3601
-3600
-3597
-3596
-3595
-3594
-3593
-3590
-3589
-3588
-3587
-3585
-3584
-3582
-3577
-3575
-3574
-3572
-3570
-3569
-3566
-3563
-3562
-3557
-3554
-3553
-3550
-3548
-3545
-3544
-3543
-3542
-3538
-3536
-3535
-3532
-3531
-3527
-3525
-3524
-3522
-3518
-3517
-3515
-3514
-3512
-3511
-3509
-3507
-3506
-3505
-3500
-3498
-3497
-3496
-3495
-3493
-3491
-3488
-3485
-3484
-3479
-3476
-3475
-3474
-3473
-3472
-3469
-3468
-3467
-3466
-3465
-3463
-3457
-3456
-3454
-3453
-3451
-3450
-3448
-3447
-3442
-3440
-3438
-3429
-3426
-3425
-3424
-3423
-3421
-3419
-3417
-3412
-3411
-3410
-3406
-3404
-3403
-3402
-3401
-3400
-3399
-3398
-3395
-3392
-3390
-3389
-3388
-3386
-3383
-3382
-3381
-3380
-3377
-3376
-3374
-3372
-3371
-3369
-3368
-3367
-3365
-3363
-3362
-3361
-3358
-3357
-3354
-3351
-3350
-3349
-3348
-3344
-3343
-3342
-3341
-3336
-3335
-3334
-3333
-3332
-3331
-3327
-3324
-3321
-3320
-3319
-3318
-3315
-3314
-3312
-3310
-3308
-3307
-3306
-3305
-3304
-3303
-3301
-3299
-3296
-3294
-3292
-3290
-3289
-3286
-3283
-3282
-3279
-3277
-3276
-3272
-3271
-3269
-3268
-3267
-3266
-3265
-3264
-3262
-3261
-3260
-3259
-3255
-3254
-3253
-3252
-3251
-3250
-3245
-3244
-3242
-3239
-3238
-3237
-3236
-3234
-3232
-3231
-3228
-3227
-3226
-3223
-3220
-3219
-3217
-3216
-3211
-3209
-3207
-3206
-3203
-3202
-3195
-3194
-3193
-3191
-3184
-3183
-3181
-3177
-3175
-3173
-3170
-3166
-3165
-3163
-3161
-3158
-3157
-3156
-3154
-3153
-3152
-3148
-3147
-3146
-3145
-3142
-3141
-3140
-3139
-3138
-3137
-3136
-3132
-3130
-3129
-3128
-3126
-3125
-3124
-3122
-3121
-3120
-3117
-3113
-3112
-3111
-3110
-3106
-3105
-3104
-3103
-3099
-3093
-3092
-3091
-3090
-3087
-3084
-3083
-3082
-3081
-3079
-3075
-3074
-3073
-3072
-3071
-3070
-3069
-3067
-3063
-3062
-3055
-3054
-3053
-3052
-3051
-3050
-3046
-3045
-3044
-3043
-3040
-3034
-3033
-3031
-3030
-3028
-3027
-3018
-3016
-3009
-3007
-3005
-3004
-3002
-3000
-2998
-2996
-2995
-2993
-2992
-2990
-2988
-2986
-2985
-2984
-2983
-2981
-2979
-2978
-2977
-2976
-2973
-2970
-2969
-2967
-2965
-2964
-2963
-2962
-2956
-2955
-2954
-2953
-2952
-2948
-2945
-2944
-2941
-2940
-2939
-2936
-2935
-2934
-2929
-2928
-2925
-2923
-2922
-2921
-2918
-2915
-2914
-2911
-2910
-2908
-2907
-2905
-2902
-2899
-2898
-2893
-2886
-2885
-2884
-2882
-2880
-2878
-2876
-2873
-2871
-2870
-2868
-2867
-2862
-2857
-2854
-2852
-2851
-2849
-2846
-2844
-2843
-2838
-2836
-2835
-2834
-2833
-2829
-2826
-2825
-2824
-2823
-2822
-2819
-2818
-2817
-2814
-2813
-2810
-2807
-2804
-2803
-2799
-2798
-2793
-2786
-2783
-2780
-2779
-2776
-2775
-2774
-2773
-2772
-2771
-2770
-2766
-2765
-2761
-2760
-2759
-2758
-2754
-2752
-2751
-2750
-2749
-2742
-2740
-2731
-2728
-2726
-2724
-2723
-2720
-2719
-2718
-2714
-2712
-2710
-2707
-2706
-2704
-2701
-2700
-2699
-2698
-2696
-2693
-2692
-2691
-2690
-2686
-2684
-2682
-2680
-2679
-2678
-2674
-2671
-2670
-2667
-2665
-2664
-2662
-2661
-2660
-2659
-2655
-2654
-2650
-2649
-2648
-2646
-2644
-2641
-2640
-2639
-2636
-2634
-2631
-2630
-2629
-2627
-2625
-2622
-2620
-2619
-2618
-2617
-2616
-2614
-2612
-2608
-2607
-2605
-2602
-2598
-2597
-2596
-2593
-2591
-2589
-2588
-2587
-2585
-2584
-2582
-2581
-2579
-2575
-2574
-2572
-2569
-2567
-2566
-2561
-2558
-2557
-2556
-2554
-2553
-2552
-2551
-2548
-2547
-2546
-2545
-2544
-2543
-2541
-2540
-2537
-2533
-2532
-2529
-2528
-2526
-2523
-2521
-2520
-2518
-2514
-2513
-2512
-2511
-2509
-2507
-2505
-2502
-2501
-2500
-2496
-2495
-2494
-2491
-2489
-2488
-2486
-2484
-2483
-2482
-2480
-2478
-2476
-2474
-2473
-2472
-2471
-2469
-2467
-2462
-2459
-2458
-2456
-2455
-2454
-2452
-2449
-2448
-2447
-2446
-2443
-2440
-2438
-2434
-2432
-2431
-2430
-2426
-2425
-2424
-2423
-2420
-2419
-2417
-2411
-2408
-2406
-2405
-2403
-2402
-2399
-2397
-2394
-2393
-2392
-2391
-2390
-2389
-2388
-2386
-2383
-2382
-2381
-2377
-2376
-2373
-2369
-2368
-2366
-2365
-2364
-2363
-2362
-2361
-2360
-2357
-2355
-2354
-2352
-2350
-2349
-2346
-2345
-2343
-2341
-2340
-2339
-2338
-2337
-2336
-2329
-2328
-2327
-2325
-2324
-2322
-2318
-2314
-2312
-2309
-2307
-2301
-2300
-2297
-2296
-2293
-2289
-2287
-2286
-2285
-2284
-2283
-2282
-2278
-2276
-2275
-2273
-2271
-2270
-2265
-2264
-2254
-2253
-2250
-2247
-2245
-2244
-2240
-2237
-2234
-2232
-2231
-2229
-2228
-2227
-2226
-2225
-2222
-2220
-2218
-2217
-2211
-2210
-2207
-2206
-2205
-2204
-2202
-2200
-2199
-2198
-2197
-2196
-2194
-2193
-2192
-2187
-2184
-2182
-2181
-2177
-2176
-2172
-2170
-2169
-2168
-2165
-2164
-2162
-2161
-2159
-2158
-2155
-2154
-2153
-2151
-2148
-2147
-2146
-2145
-2144
-2142
-2141
-2140
-2135
-2132
-2131
-2129
-2128
-2125
-2124
-2123
-2122
-2117
-2116
-2111
-2109
-2107
-2103
-2102
-2101
-2099
-2098
-2093
-2092
-2091
-2088
-2087
-2085
-2084
-2082
-2080
-2076
-2074
-2073
-2071
-2070
-2069
-2068
-2067
-2066
-2065
-2064
-2060
-2059
-2055
-2054
-2052
-2051
-2049
-2047
-2045
-2041
-2038
-2033
-2032
-2031
-2028
-2026
-2024
-2022
-2021
-2018
-2015
-2013
-2011
-2010
-2009
-2008
-2007
-2004
-2002
-2001
-2000
-1999
-1997
-1996
-1995
-1994
-1993
-1989
-1987
-1984
-1982
-1979
-1978
-1977
-1976
-1974
-1973
-1972
-1971
-1968
-1967
-1966
-1965
-1964
-1963
-1962
-1959
-1958
-1956
-1955
-1954
-1952
-1951
-1950
-1949
-1948
-1943
-1941
-1940
-1937
-1932
-1930
-1929
-1928
-1925
-1924
-1923
-1922
-1920
-1918
-1917
-1915
-1914
-1912
-1910
-1909
-1907
-1905
-1904
-1903
-1900
-1898
-1897
-1895
-1893
-1892
-1891
-1890
-1889
-1888
-1887
-1884
-1880
-1877
-1876
-1874
-1873
-1871
-1870
-1869
-1868
-1865
-1863
-1862
-1860
-1857
-1856
-1853
-1852
-1849
-1848
-1847
-1846
-1845
-1843
-1842
-1841
-1840
-1839
-1837
-1835
-1834
-1832
-1831
-1830
-1829
-1828
-1825
-1824
-1820
-1819
-1817
-1816
-1811
-1810
-1809
-1808
-1807
-1806
-1804
-1796
-1795
-1792
-1790
-1789
-1788
-1787
-1783
-1779
-1776
-1775
-1774
-1773
-1770
-1769
-1765
-1763
-1761
-1760
-1759
-1758
-1757
-1756
-1755
-1753
-1752
-1751
-1739
-1734
-1733
-1732
-1730
-1729
-1727
-1725
-1724
-1721
-1718
-1715
-1714
-1713
-1709
-1708
-1707
-1706
-1705
-1704
-1703
-1702
-1701
-1699
-1698
-1696
-1695
-1694
-1692
-1689
-1685
-1678
-1677
-1675
-1672
-1671
-1670
-1669
-1665
-1660
-1659
-1658
-1657
-1655
-1653
-1651
-1650
-1647
-1645
-1643
-1640
-1637
-1635
-1634
-1631
-1630
-1629
-1627
-1626
-1624
-1622
-1620
-1619
-1618
-1614
-1613
-1608
-1606
-1603
-1602
-1599
-1597
-1593
-1591
-1589
-1588
-1586
-1585
-1584
-1583
-1578
-1577
-1576
-1574
-1573
-1567
-1564
-1561
-1558
-1557
-1556
-1555
-1554
-1552
-1551
-1550
-1548
-1547
-1546
-1545
-1543
-1542
-1537
-1536
-1531
-1527
-1522
-1521
-1519
-1518
-1513
-1512
-1511
-1508
-1507
-1503
-1502
-1499
-1498
-1495
-1494
-1492
-1489
-1484
-1483
-1481
-1480
-1479
-1477
-1474
-1473
-1472
-1471
-1470
-1468
-1461
-1460
-1459
-1455
-1454
-1449
-1448
-1447
-1443
-1441
-1439
-1435
-1432
-1431
-1428
-1424
-1420
-1419
-1416
-1415
-1411
-1410
-1409
-1408
-1405
-1404
-1395
-1392
-1391
-1389
-1387
-1386
-1383
-1382
-1381
-1377
-1376
-1374
-1373
-1369
-1368
-1367
-1366
-1363
-1359
-1357
-1356
-1355
-1353
-1352
-1351
-1347
-1346
-1345
-1344
-1340
-1339
-1338
-1335
-1334
-1332
-1330
-1328
-1327
-1325
-1324
-1322
-1320
-1318
-1317
-1316
-1315
-1314
-1313
-1312
-1311
-1309
-1307
-1306
-1303
-1297
-1296
-1293
-1292
-1290
-1289
-1288
-1287
-1286
-1283
-1282
-1281
-1280
-1279
-1278
-1276
-1275
-1271
-1270
-1267
-1264
-1257
-1253
-1252
-1250
-1249
-1247
-1245
-1239
-1238
-1237
-1235
-1233
-1231
-1227
-1226
-1225
-1223
-1222
-1221
-1220
-1218
-1213
-1211
-1209
-1207
-1206
-1203
-1202
-1201
-1198
-1196
-1195
-1193
-1192
-1191
-1189
-1188
-1187
-1186
-1182
-1181
-1179
-1178
-1175
-1174
-1163
-1161
-1158
-1156
-1155
-1152
-1150
-1148
-1145
-1143
-1141
-1137
-1134
-1133
-1132
-1131
-1128
-1127
-1123
-1122
-1120
-1119
-1116
-1115
-1114
-1113
-1112
-1110
-1108
-1107
-1106
-1105
-1104
-1103
-1101
-1100
-1098
-1094
-1093
-1092
-1091
-1086
-1085
-1084
-1083
-1082
-1080
-1079
-1077
-1076
-1075
-1074
-1073
-1072
-1069
-1068
-1067
-1064
-1063
-1058
-1055
-1054
-1053
-1047
-1044
-1043
-1042
-1038
-1036
-1035
-1030
-1028
-1025
-1024
-1023
-1021
-1020
-1019
-1018
-1014
-1013
-1010
-1009
-1008
-1007
-1005
-1004
-1000
-999
-995
-993
-990
-986
-984
-981
-980
-978
-974
-973
-969
-965
-964
-961
-960
-958
-956
-953
-952
-951
-950
-946
-945
-941
-939
-936
-935
-934
-930
-927
-926
-925
-923
-919
-918
-914
-913
-912
-910
-909
-904
-903
-902
-899
-898
-897
-896
-894
-891
-889
-887
-885
-882
-879
-877
-876
-875
-870
-869
-867
-866
-865
-863
-862
-860
-858
-856
-855
-854
-850
-848
-847
-846
-845
-844
-843
-840
-836
-831
-830
-828
-823
-821
-816
-813
-812
-811
-810
-808
-807
-805
-803
-801
-797
-796
-793
-792
-791
-787
-786
-782
-779
-778
-777
-773
-771
-769
-767
-764
-761
-760
-759
-758
-755
-753
-749
-748
-745
-743
-740
-737
-735
-731
-729
-728
-727
-723
-719
-717
-715
-714
-711
-706
-705
-703
-702
-700
-699
-698
-697
-689
-687
-684
-683
-681
-680
-679
-677
-676
-675
-674
-667
-666
-662
-661
-659
-656
-655
-654
-650
-649
-647
-644
-643
-642
-641
-640
-639
-638
-637
-635
-633
-631
-628
-626
-625
-624
-623
-621
-620
-619
-618
-615
-612
-611
-608
-607
-603
-602
-601
-599
-596
-595
-593
-590
-588
-587
-586
-585
-584
-583
-582
-579
-577
-576
-575
-574
-572
-570
-569
-568
-567
-565
-564
-561
-560
-558
-557
-554
-553
-549
-548
-547
-545
-544
-541
-537
-535
-534
-532
-531
-529
-528
-527
-525
-521
-519
-518
-517
-515
-514
-509
-508
-507
-506
-504
-499
-497
-494
-493
-492
-490
-488
-484
-483
-482
-474
-473
-472
-470
-469
-467
-464
-462
-461
-458
-453
-451
-450
-448
-447
-443
-442
-439
-436
-435
-434
-433
-431
-430
-425
-423
-422
-421
-418
-414
-408
-407
-406
-405
-401
-400
-399
-397
-395
-393
-391
-389
-388
-382
-380
-377
-375
-374
-370
-368
-366
-365
-361
-360
-357
-354
-351
-350
-345
-342
-336
-334
-331
-330
-327
-326
-324
-323
-316
-314
-313
-312
-309
-308
-305
-302
-301
-300
-298
-297
-296
-295
-294
-292
-291
-289
-283
-282
-281
-279
-273
-269
-268
-267
-266
-264
-263
-260
-256
-255
-254
-252
-251
-245
-243
-241
-240
-239
-236
-235
-234
-233
-231
-230
-227
-224
-223
-222
-221
-220
-219
-218
-216
-212
-211
-210
-207
-206
-200
-199
-197
-194
-192
-191
-190
-189
-187
-183
-182
-181
-180
-179
-178
-175
-171
-170
-167
-165
-161
-160
-157
-156
-149
-146
-145
-144
-141
-139
-134
-129
-128
-127
-126
-119
-118
-117
-115
-112
-111
-110
-109
-108
-107
-104
-100
-96
-94
-91
-90
-89
-88
-85
-84
-83
-81
-78
-71
-70
-69
-68
-67
-66
-65
-59
-58
-55
-54
-53
-51
-48
-47
-44
-43
-42
-39
-38
-37
-34
-32
-30
-28
-27
-26
-25
-19
-18
-16
-13
-12
-10
-9
-8
-7
-5
-4
-3
0
2
7
9
11
14
15
17
18
21
22
25
28
29
32
33
34
37
41
42
43
44
45
46
47
49
51
53
54
55
57
58
59
60
63
66
67
70
72
73
75
78
83
84
88
90
91
93
97
98
99
102
103
104
106
109
110
111
113
114
117
120
123
124
126
127
129
130
131
133
136
137
139
142
145
146
150
152
154
158
159
168
169
170
172
173
175
177
179
182
183
185
186
187
189
190
191
193
194
195
196
197
200
202
203
204
206
207
208
209
212
213
214
215
216
217
219
225
226
229
232
233
238
240
241
242
245
246
247
250
252
256
257
263
264
268
269
272
273
274
275
281
282
284
285
286
289
290
291
292
297
299
302
303
304
305
308
311
313
314
315
316
318
319
321
325
329
330
332
333
335
336
339
341
344
345
346
348
349
350
351
352
355
357
359
361
369
371
372
378
381
384
388
389
391
394
399
400
402
403
406
407
408
410
411
414
415
418
419
421
422
427
432
433
436
437
439
440
441
442
443
444
446
447
448
452
453
457
459
460
464
466
468
470
472
477
479
480
482
484
485
486
487
491
492
493
498
503
505
506
510
511
512
514
515
517
518
519
522
523
524
525
530
531
532
533
534
537
538
539
540
545
546
549
550
551
555
556
562
564
565
567
568
569
570
576
577
578
579
581
582
583
584
585
588
589
594
597
598
602
604
606
607
608
611
612
613
624
630
631
632
634
639
640
641
643
644
648
650
651
652
653
657
662
663
665
668
669
671
674
675
678
680
681
683
686
688
691
692
693
694
698
699
700
701
703
704
705
707
711
712
713
714
719
721
724
729
730
734
736
737
738
739
740
741
742
745
747
752
755
756
757
758
760
761
765
768
769
770
771
772
773
774
776
777
778
780
781
783
784
785
788
789
791
798
800
802
803
804
805
812
813
814
817
819
822
823
824
825
826
828
832
833
838
840
841
843
846
847
848
851
852
853
854
855
856
858
859
863
865
866
871
873
874
875
877
880
883
884
885
886
889
891
894
896
897
900
902
903
905
906
907
909
911
912
918
922
924
926
927
928
929
930
934
935
939
941
943
946
947
948
951
953
954
955
959
960
961
962
964
966
967
970
971
973
974
975
977
979
981
982
983
986
989
990
993
995
997
998
999
1000
1001
1003
1004
1005
1006
1008
1009
1010
1013
1018
1020
1022
1024
1026
1027
1028
1032
1035
1036
1037
1038
1039
1040
1041
1043
1044
1049
1050
1051
1053
1054
1057
1058
1063
1065
1068
1070
1071
1072
1074
1075
1076
1077
1078
1079
1081
1083
1085
1088
1089
1090
1091
1093
1097
1099
1101
1102
1105
1106
1107
1108
1109
1111
1115
1118
1121
1122
1123
1126
1127
1128
1129
1132
1133
1135
1136
1140
1142
1144
1145
1146
1150
1151
1154
1155
1156
1160
1162
1163
1164
1166
1167
1170
1171
1173
1174
1180
1182
1188
1189
1190
1192
1193
1197
1198
1200
1204
1208
1209
1210
1211
1212
1214
1215
1216
1219
1222
1224
1225
1226
1227
1228
1229
1230
1231
1232
1233
1234
1236
1237
1238
1239
1241
1243
1244
1245
1246
1247
1248
1249
1250
1251
1252
1254
1255
1256
1257
1258
1261
1262
1263
1264
1272
1278
1279
1281
1283
1287
1291
1293
1294
1296
1300
1303
1304
1305
1306
1307
1308
1309
1316
1318
1320
1321
1323
1324
1325
1327
1329
1330
1331
1336
1338
1339
1340
1341
1342
1345
1346
1350
1352
1353
1354
1355
1358
1359
1360
1363
1366
1367
1370
1371
1376
1380
1381
1383
1386
1387
1388
1389
1390
1391
1392
1393
1394
1395
1397
1399
1400
1401
1403
1404
1406
1409
1410
1412
1414
1416
1419
1420
1422
1424
1425
1427
1428
1430
1434
1435
1436
1437
1439
1440
1447
1449
1450
1451
1452
1453
1455
1458
1460
1462
1464
1465
1468
1469
1470
1472
1473
1474
1476
1477
1479
1480
1485
1488
1489
1492
1494
1497
1498
1499
1501
1502
1505
1506
1507
1508
1509
1511
1512
1514
1516
1517
1519
1520
1521
1522
1524
1525
1526
1528
1532
1534
1536
1538
1540
1542
1547
1548
1551
1552
1555
1556
1557
1558
1559
1561
1563
1566
1567
1570
1571
1574
1575
1576
1577
1580
1581
1582
1586
1587
1588
1589
1590
1592
1593
1597
1599
1602
1604
1606
1607
1608
1609
1610
1611
1612
1618
1620
1622
1625
1626
1627
1629
1636
1638
1640
1643
1645
1646
1649
1652
1656
1660
1662
1663
1664
1665
1666
1667
1670
1672
1674
1676
1681
1686
1689
1693
1694
1696
1699
1704
1705
1707
1708
1711
1713
1716
1718
1719
1720
1722
1723
1725
1726
1727
1728
1731
1732
1735
1737
1738
1741
1746
1747
1748
1753
1756
1757
1758
1760
1766
1767
1768
1769
1770
1771
1780
1781
1782
1783
1785
1786
1789
1794
1796
1797
1799
1800
1801
1804
1805
1809
1810
1811
1813
1814
1824
1825
1826
1827
1829
1831
1836
1837
1838
1839
1842
1845
1848
1855
1861
1862
1865
1866
1867
1868
1869
1871
1874
1876
1880
1881
1884
1885
1887
1888
1889
1890
1891
1893
1894
1897
1898
1899
1900
1901
1902
1903
1904
1907
1909
1911
1912
1913
1914
1915
1916
1918
1919
1921
1928
1929
1937
1938
1940
1941
1942
1951
1953
1955
1956
1957
1963
1970
1971
1972
1974
1976
1977
1978
1979
1985
1989
1990
1991
1992
1993
1998
2002
2003
2004
2006
2008
2010
2012
2017
2019
2020
2023
2027
2029
2030
2034
2035
2041
2043
2045
2050
2051
2052
2054
2055
2057
2059
2060
2061
2067
2069
2071
2072
2073
2074
2075
2076
2077
2078
2085
2088
2090
2091
2093
2095
2096
2098
2099
2100
2103
2106
2107
2108
2109
2110
2112
2115
2120
2121
2122
2125
2126
2129
2130
2131
2132
2133
2134
2135
2136
2138
2140
2143
2144
2147
2148
2151
2152
2153
2154
2156
2158
2159
2164
2166
2168
2169
2170
2171
2172
2173
2174
2175
2176
2177
2178
2179
2181
2183
2185
2186
2187
2189
2190
2193
2199
2200
2201
2204
2206
2208
2210
2211
2212
2213
2214
2216
2217
2219
2220
2221
2223
2224
2225
2227
2228
2229
2230
2236
2238
2239
2240
2241
2242
2243
2245
2247
2250
2251
2253
2257
2258
2261
2263
2264
2265
2270
2272
2275
2277
2279
2283
2284
2285
2286
2288
2292
2293
2295
2296
2300
2302
2303
2306
2307
2308
2313
2315
2319
2320
2321
2322
2323
2324
2326
2327
2329
2330
2333
2334
2337
2339
2341
2342
2343
2345
2347
2348
2349
2350
2354
2355
2358
2361
2363
2366
2367
2368
2369
2370
2371
2372
2375
2379
2380
2381
2383
2386
2387
2389
2390
2392
2394
2395
2397
2398
2399
2403
2404
2405
2407
2410
2411
2414
2416
2418
2419
2424
2425
2426
2427
2433
2436
2440
2441
2443
2444
2447
2448
2449
2450
2454
2458
2463
2464
2466
2467
2468
2469
2470
2472
2473
2474
2476
2479
2480
2482
2483
2484
2485
2486
2487
2489
2490
2492
2493
2496
2498
2503
2508
2509
2510
2511
2512
2513
2517
2518
2519
2520
2522
2523
2525
2526
2529
2530
2531
2534
2537
2538
2540
2541
2542
2544
2545
2547
2550
2551
2552
2554
2555
2557
2562
2564
2566
2567
2568
2570
2571
2572
2573
2574
2575
2577
2578
2579
2580
2581
2585
2587
2589
2591
2593
2595
2598
2600
2602
2603
2609
2611
2612
2613
2614
2618
2621
2623
2625
2626
2627
2629
2632
2633
2634
2638
2639
2641
2643
2644
2645
2646
2647
2648
2651
2654
2656
2658
2660
2661
2662
2663
2664
2667
2670
2671
2673
2674
2675
2676
2677
2679
2684
2685
2688
2690
2692
2695
2701
2703
2704
2706
2708
2712
2713
2714
2716
2717
2718
2720
2722
2724
2725
2729
2732
2735
2736
2737
2739
2743
2749
2750
2751
2752
2757
2758
2759
2760
2762
2765
2766
2767
2770
2771
2774
2775
2777
2779
2780
2788
2789
2790
2791
2793
2794
2796
2797
2798
2799
2800
2804
2806
2807
2809
2810
2811
2816
2819
2820
2821
2822
2825
2827
2828
2831
2832
2833
2834
2836
2839
2844
2845
2848
2849
2850
2851
2852
2854
2856
2862
2866
2868
2869
2870
2871
2872
2881
2884
2886
2888
2889
2891
2895
2896
2897
2898
2900
2904
2905
2906
2907
2909
2910
2912
2916
2917
2921
2923
2924
2925
2927
2928
2930
2931
2933
2935
2936
2937
2938
2940
2941
2942
2944
2947
2948
2949
2950
2951
2953
2955
2958
2959
2960
2962
2963
2964
2965
2966
2967
2972
2973
2974
2976
2981
2986
2990
2994
2995
2996
2999
3000
3001
3003
3004
3005
3006
3008
3013
3014
3018
3021
3022
3023
3026
3027
3028
3030
3031
3033
3035
3039
3040
3041
3043
3044
3045
3048
3051
3053
3054
3056
3058
3060
3061
3064
3068
3071
3073
3077
3078
3082
3083
3084
3085
3086
3087
3088
3090
3091
3094
3098
3102
3103
3106
3107
3108
3110
3114
3115
3116
3121
3122
3123
3125
3126
3127
3128
3131
3132
3139
3143
3152
3153
3154
3155
3158
3160
3162
3163
3166
3168
3170
3171
3174
3175
3176
3178
3180
3181
3182
3184
3186
3187
3188
3190
3191
3192
3193
3195
3196
3197
3199
3200
3201
3202
3203
3204
3205
3206
3208
3209
3212
3213
3214
3216
3217
3218
3219
3222
3225
3229
3230
3231
3232
3233
3238
3239
3241
3242
3243
3246
3249
3250
3252
3254
3257
3260
3262
3265
3266
3267
3268
3269
3270
3273
3274
3275
3277
3278
3279
3280
3282
3284
3286
3288
3289
3294
3295
3297
3299
3300
3301
3303
3308
3309
3315
3318
3320
3323
3324
3326
3327
3328
3329
3330
3332
3333
3335
3338
3341
3343
3344
3345
3347
3348
3349
3350
3352
3353
3355
3356
3357
3358
3362
3363
3364
3365
3371
3372
3373
3377
3378
3379
3381
3382
3383
3384
3385
3386
3393
3394
3395
3396
3400
3401
3402
3408
3410
3411
3412
3413
3414
3415
3417
3420
3421
3426
3429
3431
3432
3442
3443
3448
3452
3456
3457
3458
3459
3463
3464
3465
3466
3468
3469
3470
3471
3472
3474
3475
3476
3478
3479
3480
3482
3484
3487
3488
3489
3490
3491
3495
3496
3497
3499
3500
3503
3504
3505
3506
3508
3510
3513
3514
3515
3516
3518
3519
3520
3521
3522
3523
3525
3526
3531
3537
3539
3540
3542
3544
3546
3547
3548
3549
3552
3554
3555
3560
3562
3564
3565
3566
3567
3568
3569
3571
3572
3573
3575
3576
3577
3578
3579
3580
3581
3584
3585
3586
3589
3593
3595
3598
3605
3607
3610
3611
3613
3614
3615
3616
3618
3619
3620
3622
3623
3624
3626
3632
3635
3636
3637
3639
3642
3643
3644
3647
3648
3649
3651
3654
3656
3657
3658
3659
3661
3663
3666
3671
3672
3674
3678
3680
3683
3684
3685
3686
3687
3688
3689
3691
3693
3694
3697
3704
3705
3706
3707
3708
3711
3717
3718
3719
3720
3721
3724
3725
3726
3727
3728
3730
3734
3736
3738
3743
3744
3745
3747
3749
3750
3751
3753
3754
3756
3761
3762
3763
3765
3766
3767
3768
3770
3771
3772
3773
3774
3776
3777
3779
3781
3787
3791
3792
3794
3795
3796
3801
3802
3803
3804
3809
3810
3811
3812
3813
3814
3815
3816
3820
3821
3822
3825
3826
3829
3831
3832
3833
3838
3839
3840
3843
3844
3846
3848
3849
3851
3853
3854
3857
3858
3862
3863
3864
3865
3866
3867
3872
3873
3876
3877
3878
3881
3882
3885
3887
3888
3895
3896
3898
3899
3900
3901
3903
3904
3905
3906
3907
3909
3910
3912
3916
3921
3922
3925
3926
3929
3930
3931
3933
3934
3935
3936
3937
3938
3939
3940
3941
3947
3948
3949
3950
3953
3956
3958
3960
3964
3966
3968
3971
3972
3973
3975
3979
3980
3981
3982
3983
3985
3991
3992
3994
3995
3996
3999
4001
4005
4006
4008
4009
4010
4012
4014
4015
4016
4025
4026
4028
4033
4035
4038
4039
4041
4042
4044
4045
4047
4048
4053
4055
4056
4057
4059
4063
4065
4066
4068
4069
4071
4072
4073
4074
4077
4079
4080
4082
4084
4086
4089
4091
4092
4093
4095
4096
4099
4100
4104
4105
4107
4108
4109
4111
4112
4114
4115
4118
4121
4125
4127
4131
4133
4134
4138
4141
4142
4143
4144
4145
4146
4149
4152
4154
4156
4159
4162
4163
4164
4166
4170
4171
4175
4178
4179
4180
4181
4182
4186
4187
4189
4190
4192
4194
4199
4203
4204
4205
4207
4208
4211
4214
4216
4217
4218
4219
4220
4223
4226
4228
4229
4232
4235
4236
4238
4249
4252
4253
4256
4257
4259
4260
4262
4263
4267
4268
4269
4270
4272
4273
4275
4276
4278
4279
4281
4282
4283
4284
4285
4289
4290
4297
4299
4302
4303
4305
4306
4313
4314
4315
4317
4319
4320
4321
4327
4328
4329
4333
4334
4336
4339
4342
4350
4351
4352
4357
4358
4359
4362
4363
4364
4365
4367
4369
4372
4375
4376
4377
4378
4382
4385
4386
4388
4391
4393
4395
4396
4397
4399
4400
4401
4402
4403
4404
4406
4407
4408
4409
4413
4415
4416
4418
4419
4420
4422
4423
4426
4433
4434
4437
4438
4444
4445
4447
4449
4453
4455
4457
4459
4461
4462
4471
4472
4473
4475
4478
4479
4482
4483
4485
4486
4489
4490
4492
4493
4494
4496
4498
4501
4503
4508
4512
4514
4525
4526
4529
4530
4531
4535
4536
4542
4543
4545
4549
4550
4551
4552
4553
4554
4557
4560
4561
4562
4566
4567
4569
4576
4581
4582
4584
4585
4588
4591
4595
4596
4598
4607
4612
4613
4614
4615
4617
4618
4620
4621
4623
4625
4626
4627
4629
4632
4638
4639
4640
4642
4643
4645
4647
4648
4653
4661
4662
4663
4664
4666
4670
4671
4672
4674
4676
4679
4680
4681
4682
4684
4686
4688
4690
4691
4692
4694
4695
4696
4698
4699
4700
4701
4702
4703
4705
4706
4707
4709
4713
4720
4721
4723
4729
4730
4731
4734
4735
4741
4745
4748
4751
4754
4755
4756
4759
4760
4761
4766
4771
4772
4773
4774
4775
4777
4778
4781
4783
4784
4785
4786
4787
4790
4791
4792
4794
4795
4796
4798
4799
4800
4805
4806
4812
4814
4815
4816
4817
4818
4820
4821
4825
4827
4828
4829
4830
4833
4834
4841
4842
4844
4845
4846
4847
4854
4855
4856
4858
4859
4860
4861
4862
4864
4865
4866
4867
4868
4869
4870
4871
4873
4875
4876
4877
4879
4881
4882
4883
4884
4887
4888
4890
4893
4894
4895
4897
4898
4902
4904
4905
4908
4909
4912
4913
4917
4918
4919
4920
4922
4924
4925
4926
4928
4930
4932
4933
4934
4935
4939
4940
4941
4942
4947
4949
4952
4953
4961
4964
4966
4968
4969
4970
4972
4973
4975
4978
4979
4980
4984
4986
4987
4989
4990
4994
4995
4997
4998
5001
5002
5003
5005
5008
5009
5011
5012
5013
5017
5018
5019
5021
5023
5024
5027
5028
5031
5032
5033
5038
5042
5043
5050
5051
5052
5054
5057
5058
5059
5061
5062
5064
5065
5068
5069
5071
5074
5075
5077
5078
5079
5081
5082
5083
5084
5086
5089
5090
5092
5093
5094
5095
5097
5098
5102
5103
5104
5105
5107
5110
5115
5120
5121
5122
5127
5129
5131
5132
5133
5134
5138
5142
5143
5144
5146
5148
5153
5155
5156
5159
5161
5162
5165
5166
5167
5168
5174
5176
5177
5178
5180
5184
5185
5186
5190
5192
5195
5196
5200
5205
5206
5208
5209
5211
5212
5215
5216
5217
5219
5220
5223
5226
5228
5229
5231
5232
5233
5234
5235
5236
5240
5241
5242
5243
5246
5247
5249
5250
5252
5253
5254
5256
5259
5260
5262
5263
5264
5265
5267
5269
5270
5271
5272
5273
5275
5276
5277
5278
5281
5282
5287
5288
5294
5295
5297
5298
5300
5301
5303
5304
5305
5307
5310
5315
5318
5320
5322
5325
5330
5331
5337
5338
5339
5340
5343
5348
5350
5351
5352
5353
5354
5356
5357
5361
5363
5364
5365
5366
5367
5369
5371
5374
5381
5384
5387
5388
5391
5393
5395
5396
5399
5400
5401
5402
5404
5405
5406
5409
5410
5414
5420
5421
5422
5423
5424
5425
5426
5427
5430
5431
5432
5435
5437
5438
5439
5440
5442
5443
5448
5449
5451
5453
5454
5455
5462
5463
5464
5465
5466
5467
5470
5471
5472
5473
5475
5476
5480
5481
5488
5489
5490
5492
5493
5499
5500
5505
5509
5511
5515
5516
5518
5519
5520
5521
5523
5528
5533
5534
5535
5536
5538
5540
5541
5542
5543
5544
5547
5549
5551
5553
5554
5556
5558
5563
5564
5565
5566
5567
5569
5571
5573
5575
5576
5577
5578
5580
5581
5583
5584
5586
5587
5588
5589
5592
5593
5596
5597
5599
5600
5601
5605
5609
5610
5613
5614
5617
5618
5619
5622
5623
5624
5625
5626
5629
5631
5637
5639
5640
5641
5642
5643
5647
5649
5652
5653
5655
5658
5659
5661
5664
5667
5672
5676
5682
5683
5691
5692
5695
5698
5699
5700
5702
5707
5710
5714
5715
5718
5721
5722
5726
5727
5729
5730
5732
5733
5736
5741
5748
5749
5751
5755
5757
5758
5762
5764
5769
5770
5775
5778
5779
5781
5782
5783
5784
5785
5787
5789
5793
5797
5798
5800
5803
5804
5806
5810
5811
5812
5815
5816
5818
5821
5824
5825
5826
5828
5829
5831
5833
5834
5835
5838
5840
5841
5842
5845
5847
5848
5849
5850
5852
5854
5855
5860
5862
5863
5864
5865
5867
5868
5869
5872
5875
5878
5880
5881
5890
5891
5892
5893
5895
5896
5897
5899
5904
5907
5909
5910
5911
5913
5917
5921
5922
5927
5930
5931
5933
5935
5938
5943
5944
5945
5947
5948
5951
5954
5955
5959
5960
5962
5963
5965
5966
5967
5968
5972
5973
5974
5975
5978
5979
5980
5981
5982
5983
5986
5989
5992
6000
6001
6002
6003
6004
6010
6011
6013
6015
6017
6018
6020
6021
6022
6024
6026
6027
6030
6031
6032
6034
6038
6040
6041
6042
6043
6045
6049
6050
6051
6052
6053
6056
6059
6064
6069
6071
6072
6074
6075
6077
6078
6080
6081
6083
6084
6087
6093
6094
6096
6101
6102
6108
6110
6112
6114
6115
6116
6117
6124
6126
6127
6128
6129
6131
6132
6134
6137
6139
6142
6143
6144
6148
6151
6158
6161
6162
6165
6166
6167
6169
6170
6172
6178
6182
6183
6184
6186
6190
6192
6193
6194
6197
6198
6201
6203
6204
6206
6208
6209
6210
6212
6215
6219
6221
6225
6227
6230
6231
6233
6234
6235
6241
6242
6243
6244
6249
6250
6253
6254
6255
6258
6259
6260
6261
6262
6263
6264
6265
6268
6271
6272
6273
6274
6275
6276
6289
6292
6293
6294
6296
6297
6298
6300
6301
6303
6307
6308
6310
6313
6315
6316
6319
6321
6322
6324
6327
6328
6330
6332
6334
6336
6341
6342
6343
6344
6345
6346
6347
6350
6354
6356
6358
6361
6363
6366
6368
6369
6370
6372
6373
6380
6385
6386
6387
6388
6389
6392
6394
6397
6398
6402
6403
6406
6407
6412
6413
6414
6415
6416
6417
6418
6419
6420
6422
6423
6429
6431
6433
6434
6435
6436
6437
6442
6445
6446
6448
6451
6452
6454
6456
6457
6458
6460
6462
6463
6464
6465
6467
6468
6475
6476
6482
6483
6484
6489
6490
6492
6493
6494
6497
6499
6502
6504
6505
6506
6514
6517
6522
6524
6528
6529
6532
6533
6534
6540
6544
6547
6548
6551
6553
6554
6555
6558
6559
6560
6561
6562
6564
6565
6570
6572
6575
6576
6578
6579
6580
6581
6584
6587
6589
6590
6592
6593
6595
6596
6597
6601
6604
6608
6610
6614
6616
6617
6618
6622
6623
6627
6628
6629
6630
6633
6634
6635
6637
6641
6642
6644
6646
6647
6650
6652
6653
6655
6656
6660
6663
6665
6671
6672
6674
6675
6676
6680
6681
6684
6686
6688
6692
6693
6694
6699
6702
6703
6704
6706
6707
6708
6709
6710
6713
6717
6721
6722
6725
6729
6731
6734
6735
6736
6738
6745
6746
6747
6748
6750
6753
6755
6757
6760
6761
6768
6769
6772
6773
6777
6780
6781
6782
6783
6785
6787
6790
6794
6795
6801
6804
6805
6806
6807
6809
6811
6812
6814
6815
6816
6820
6822
6823
6825
6827
6830
6831
6833
6837
6840
6841
6843
6844
6846
6848
6851
6852
6853
6854
6856
6858
6860
6862
6866
6867
6869
6870
6875
6878
6880
6881
6886
6888
6891
6893
6894
6896
6897
6898
6899
6900
6901
6905
6907
6908
6911
6912
6915
6916
6917
6918
6919
6921
6922
6923
6924
6926
6928
6929
6930
6931
6933
6937
6938
6940
6941
6945
6947
6950
6952
6954
6956
6957
6958
6964
6966
6967
6977
6978
6980
6982
6983
6986
6989
6991
6993
6994
6995
6996
6999
7000
7002
7004
7007
7008
7012
7013
7014
7015
7018
7022
7025
7026
7027
7028
7029
7030
7032
7035
7040
7043
7045
7046
7047
7048
7055
7056
7058
7061
7066
7068
7071
7072
7074
7076
7081
7082
7083
7086
7088
7089
7090
7095
7096
7102
7103
7104
7105
7106
7109
7111
7113
7115
7116
7117
7118
7123
7124
7125
7127
7128
7131
7132
7133
7137
7139
7140
7142
7146
7148
7150
7151
7154
7155
7156
7157
7160
7162
7163
7166
7167
7168
7169
7170
7171
7172
7173
7174
7175
7177
7179
7180
7182
7183
7184
7186
7187
7190
7192
7193
7195
7197
7199
7201
7202
7206
7208
7215
7217
7218
7222
7224
7227
7228
7230
7233
7234
7235
7237
7238
7241
7250
7252
7253
7254
7255
7256
7257
7258
7264
7267
7269
7270
7272
7273
7274
7276
7278
7280
7281
7282
7284
7285
7286
7289
7293
7296
7297
7299
7301
7303
7308
7309
7311
7313
7314
7316
7319
7320
7326
7328
7329
7330
7332
7334
7335
7337
7339
7340
7342
7344
7350
7351
7354
7355
7357
7358
7360
7362
7363
7364
7365
7366
7367
7370
7373
7381
7382
7387
7389
7390
7391
7394
7395
7396
7397
7401
7410
7411
7413
7415
7418
7420
7421
7423
7424
7425
7426
7427
7429
7430
7431
7432
7434
7435
7439
7440
7441
7444
7447
7448
7449
7451
7452
7453
7454
7456
7460
7465
7466
7468
7469
7470
7471
7472
7473
7475
7477
7478
7482
7483
7484
7485
7486
7487
7488
7490
7491
7492
7493
7495
7497
7498
7500
7501
7502
7503
7505
7508
7509
7512
7513
7516
7518
7520
7522
7523
7524
7525
7532
7533
7534
7535
7536
7538
7539
7542
7544
7549
7550
7553
7554
7557
7558
7561
7566
7567
7568
7570
7572
7575
7579
7580
7581
7582
7584
7585
7588
7589
7590
7591
7593
7595
7596
7597
7598
7599
7600
7602
7603
7605
7606
7608
7610
7611
7615
7617
7619
7621
7624
7627
7628
7629
7630
7631
7632
7633
7635
7637
7638
7639
7641
7642
7644
7646
7648
7649
7653
7654
7655
7657
7658
7661
7664
7667
7670
7672
7676
7683
7686
7689
7691
7692
7693
7695
7696
7699
7700
7701
7702
7703
7704
7706
7710
7713
7714
7716
7718
7719
7721
7723
7724
7728
7730
7731
7732
7734
7735
7737
7739
7740
7742
7743
7744
7746
7748
7751
7752
7755
7759
7761
7762
7767
7770
7771
7772
7774
7775
7778
7780
7786
7787
7788
7791
7792
7793
7798
7802
7804
7805
7806
7808
7810
7811
7813
7815
7816
7817
7818
7819
7820
7821
7824
7825
7826
7828
7830
7831
7832
7834
7836
7837
7838
7839
7840
7842
7843
7845
7846
7847
7848
7850
7851
7854
7855
7857
7858
7860
7862
7863
7866
7868
7881
7884
7885
7886
7889
7891
7892
7893
7895
7896
7897
7898
7900
7901
7902
7907
7908
7910
7913
7916
7919
7928
7929
7930
7934
7935
7938
7939
7941
7942
7945
7946
7947
7953
7955
7956
7957
7958
7960
7961
7967
7968
7969
7971
7973
7976
7980
7981
7982
7984
7985
7986
7987
7988
7990
7992
7994
7995
7996
7997
7998
7999
8000
8001
8002
8003
8004
8005
8007
8010
8011
8012
8014
8016
8017
8018
8020
8023
8025
8027
8032
8033
8035
8037
8038
8039
8041
8044
8045
8046
8047
8049
8050
8052
8053
8057
8058
8060
8061
8065
8066
8067
8069
8070
8071
8072
8075
8080
8081
8083
8086
8089
8091
8092
8095
8096
8098
8102
8105
8106
8111
8112
8113
8114
8116
8118
8121
8124
8125
8128
8129
8130
8131
8133
8139
8141
8142
8143
8144
8145
8147
8148
8151
8153
8155
8157
8160
8161
8162
8164
8167
8171
8172
8173
8174
8176
8178
8183
8184
8185
8187
8189
8190
8191
8192
8193
8194
8198
8201
8203
8206
8207
8212
8213
8214
8220
8221
8223
8225
8230
8231
8232
8233
8235
8236
8241
8243
8245
8246
8254
8255
8256
8258
8259
8260
8263
8264
8265
8267
8270
8271
8272
8274
8277
8278
8279
8280
8281
8282
8283
8285
8288
8301
8302
8303
8309
8311
8315
8316
8318
8320
8321
8323
8327
8328
8329
8330
8333
8334
8337
8338
8340
8341
8343
8345
8346
8347
8348
8350
8352
8354
8355
8358
8359
8360
8362
8363
8366
8368
8369
8371
8376
8378
8379
8381
8386
8392
8395
8396
8398
8402
8405
8407
8410
8411
8412
8413
8414
8416
8418
8421
8426
8429
8430
8434
8435
8436
8437
8439
8440
8441
8442
8444
8446
8447
8451
8453
8454
8456
8457
8458
8460
8464
8465
8467
8469
8471
8474
8477
8478
8480
8481
8482
8483
8484
8485
8487
8489
8490
8491
8492
8493
8494
8495
8499
8501
8502
8503
8505
8506
8507
8508
8509
8515
8517
8519
8520
8524
8525
8526
8530
8535
8536
8545
8550
8552
8553
8555
8557
8559
8560
8564
8567
8568
8569
8570
8572
8573
8575
8579
8581
8583
8585
8587
8589
8590
8591
8593
8598
8599
8600
8603
8604
8606
8608
8612
8619
8620
8622
8623
8625
8628
8631
8632
8635
8636
8637
8641
8648
8649
8650
8651
8656
8657
8660
8665
8668
8669
8670
8672
8674
8675
8676
8677
8678
8679
8682
8683
8684
8690
8697
8699
8700
8703
8710
8711
8712
8714
8715
8716
8717
8718
8719
8721
8722
8725
8726
8728
8729
8739
8740
8744
8746
8750
8753
8754
8755
8756
8757
8759
8760
8761
8763
8765
8767
8768
8769
8770
8773
8774
8781
8782
8784
8785
8786
8789
8790
8791
8795
8800
8804
8805
8809
8811
8812
8813
8816
8817
8818
8819
8821
8822
8823
8824
8825
8827
8832
8838
8839
8840
8844
8846
8847
8850
8852
8853
8854
8855
8857
8859
8862
8865
8866
8869
8870
8871
8872
8876
8877
8879
8883
8884
8885
8886
8888
8889
8891
8895
8898
8899
8900
8902
8904
8907
8908
8909
8911
8913
8914
8916
8918
8919
8920
8923
8924
8925
8926
8928
8929
8931
8932
8933
8934
8936
8938
8939
8940
8942
8943
8944
8945
8947
8950
8952
8953
8958
8960
8962
8964
8970
8971
8973
8974
8977
8981
8982
8985
8987
8988
8989
8991
8995
8996
8997
8999
9006
9008
9009
9010
9011
9013
9017
9021
9022
9026
9027
9029
9032
9033
9035
9036
9037
9041
9042
9047
9048
9049
9050
9052
9054
9057
9058
9061
9062
9067
9069
9071
9074
9075
9076
9078
9080
9086
9087
9089
9090
9091
9092
9094
9095
9096
9099
9100
9101
9102
9105
9106
9107
9108
9110
9113
9117
9118
9119
9124
9127
9128
9129
9131
9134
9136
9137
9138
9141
9142
9143
9144
9146
9148
9150
9151
9154
9156
9157
9159
9160
9161
9162
9163
9166
9168
9173
9175
9176
9179
9180
9182
9186
9187
9188
9189
9191
9192
9193
9194
9197
9199
9201
9203
9204
9206
9212
9213
9215
9218
9219
9220
9221
9222
9223
9225
9228
9231
9232
9233
9238
9239
9247
9253
9258
9260
9263
9264
9266
9268
9270
9271
9274
9275
9280
9282
9284
9290
9291
9292
9294
9296
9302
9305
9307
9311
9312
9314
9316
9317
9318
9319
9320
9321
9322
9329
9330
9331
9332
9333
9334
9335
9337
9338
9339
9340
9341
9342
9344
9345
9346
9347
9348
9350
9352
9355
9357
9360
9362
9366
9368
9370
9375
9376
9378
9382
9384
9386
9388
9389
9392
9395
9398
9408
9409
9413
9415
9416
9418
9420
9421
9429
9431
9433
9434
9435
9440
9442
9443
9444
9445
9447
9449
9450
9451
9452
9454
9455
9456
9457
9458
9463
9466
9467
9468
9470
9472
9473
9474
9476
9477
9479
9482
9483
9485
9487
9489
9490
9493
9495
9496
9499
9500
9502
9503
9505
9506
9507
9508
9510
9511
9512
9513
9515
9516
9518
9519
9521
9522
9525
9527
9528
9530
9534
9536
9537
9538
9539
9541
9544
9545
9546
9547
9549
9551
9553
9559
9560
9561
9562
9564
9565
9566
9568
9570
9573
9574
9575
9576
9578
9579
9580
9582
9586
9587
9588
9591
9595
9596
9597
9599
9601
9604
9605
9609
9610
9611
9612
9618
9622
9623
9624
9625
9627
9631
9632
9634
9635
9640
9641
9642
9643
9646
9647
9648
9649
9650
9651
9653
9654
9655
9656
9659
9660
9663
9665
9667
9668
9670
9671
9672
9675
9676
9677
9678
9679
9680
9684
9685
9688
9689
9691
9692
9693
9694
9695
9696
9699
9700
9701
9702
9703
9704
9705
9707
9708
9709
9710
9712
9714
9715
9716
9718
9727
9728
9729
9732
9735
9737
9741
9742
9744
9749
9753
9755
9756
9758
9760
9762
9766
9771
9781
9790
9794
9795
9796
9797
9798
9799
9800
9805
9809
9811
9812
9817
9819
9820
9821
9822
9823
9824
9827
9828
9829
9832
9833
9837
9838
9839
9840
9841
9843
9845
9846
9847
9848
9849
9850
9851
9852
9854
9856
9857
9859
9861
9862
9863
9865
9868
9870
9871
9872
9874
9878
9879
9881
9882
9883
9885
9887
9888
9889
9890
9891
9893
9894
9895
9896
9897
9898
9902
9903
9904
9906
9907
9909
9912
9913
9916
9917
9920
9922
9926
9929
9933
9934
9935
9937
9938
9940
9941
9942
9944
9945
9949
9950
9953
9954
9955
9959
9960
9961
9962
9964
9965
9966
9967
9969
9970
9971
9973
9978
9979
9980
9982
9983
9989
9990
9992
9994
9997
