1000
-998
-997
-994
-993
-992
-987
-986
-985
-980
-979
-977
-976
-974
-970
-964
-963
-961
-957
-956
-955
-954
-949
-946
-945
-944
-943
-942
-940
-939
-936
-935
-934
-930
-926
-921
-920
-919
-916
-911
-909
-905
-903
-902
-900
-895
-892
-888
-887
-886
-884
-883
-881
-880
-878
-877
-876
-874
-873
-872
-869
-862
-860
-858
-856
-854
-852
-851
-850
-849
-847
-846
-842
-840
-837
-833
-830
-829
-828
-826
-822
-821
-818
-816
-815
-812
-811
-810
-809
-799
-795
-794
-793
-792
-790
-789
-787
-784
-783
-782
-780
-778
-777
-776
-775
-772
-771
-770
-766
-765
-763
-762
-757
-756
-754
-753
-752
-751
-750
-747
-745
-744
-743
-741
-740
-739
-738
-736
-734
-732
-731
-728
-727
-722
-721
-720
-718
-717
-714
-713
-712
-711
-710
-706
-703
-697
-695
-690
-689
-687
-685
-680
-679
-676
-674
-673
-671
-669
-668
-667
-665
-664
-662
-661
-659
-658
-654
-653
-652
-650
-649
-647
-645
-641
-639
-638
-637
-635
-634
-633
-632
-630
-629
-626
-624
-623
-618
-617
-615
-614
-613
-610
-607
-604
-599
-597
-595
-594
-593
-591
-588
-584
-582
-580
-579
-578
-577
-576
-574
-573
-571
-567
-566
-564
-562
-561
-560
-558
-556
-549
-547
-546
-545
-544
-543
-542
-538
-537
-534
-533
-529
-528
-527
-526
-524
-521
-520
-519
-518
-514
-513
-512
-511
-510
-508
-507
-505
-503
-502
-501
-499
-493
-492
-490
-489
-487
-485
-483
-480
-479
-478
-477
-473
-467
-466
-465
-462
-457
-454
-451
-450
-444
-443
-442
-439
-438
-437
-435
-427
-426
-425
-423
-422
-421
-420
-419
-415
-411
-410
-408
-407
-406
-405
-403
-402
-400
-397
-396
-395
-394
-391
-390
-389
-385
-383
-381
-380
-377
-375
-373
-370
-368
-367
-366
-365
-364
-363
-359
-358
-357
-354
-353
-352
-351
-346
-342
-340
-339
-338
-334
-332
-330
-329
-325
-324
-323
-321
-319
-318
-317
-316
-314
-313
-312
-310
-309
-307
-304
-301
-300
-296
-295
-290
-289
-286
-283
-282
-278
-272
-270
-268
-265
-264
-263
-257
-254
-253
-252
-250
-247
-246
-240
-238
-237
-236
-234
-233
-231
-230
-229
-228
-226
-225
-223
-222
-217
-215
-214
-211
-207
-206
-205
-204
-200
-198
-195
-193
-192
-191
-190
-188
-187
-185
-183
-180
-179
-177
-176
-173
-165
-164
-163
-162
-161
-160
-155
-154
-153
-152
-151
-150
-147
-146
-143
-141
-140
-139
-137
-135
-134
-131
-128
-127
-125
-123
-121
-119
-118
-116
-113
-112
-110
-109
-105
-101
-100
-98
-97
-96
-95
-92
-91
-90
-87
-83
-82
-81
-79
-73
-70
-68
-67
-66
-65
-61
-59
-57
-56
-54
-53
-51
-49
-47
-45
-44
-43
-40
-39
-37
-36
-33
-31
-30
-27
-25
-22
-21
-20
-18
-17
-16
-15
-12
-11
-10
-8
-3
-1
0
1
2
3
4
5
6
7
9
12
19
21
27
28
30
37
44
48
50
53
54
55
56
57
59
61
62
64
69
70
72
73
74
76
78
79
81
82
83
88
91
93
94
95
96
100
101
102
106
107
108
111
112
115
117
118
120
124
125
127
128
131
133
135
136
139
140
142
143
144
145
146
150
151
152
155
156
159
161
162
165
167
168
170
171
172
173
177
178
179
181
183
187
188
192
193
197
198
201
202
203
206
207
208
209
210
211
212
214
215
216
220
221
223
224
228
230
233
234
235
236
238
241
244
245
246
249
250
251
252
254
256
257
258
262
264
265
266
268
271
272
273
274
276
279
280
283
284
285
286
287
289
291
296
297
298
299
301
302
306
308
309
312
313
315
319
322
323
324
325
329
330
334
335
340
341
343
345
347
348
349
353
354
357
358
359
362
363
366
369
373
375
376
377
378
379
386
390
391
392
393
394
398
399
400
402
404
406
407
408
410
411
415
418
421
422
423
424
425
426
427
428
429
430
433
435
436
437
440
443
444
448
449
450
454
455
457
458
459
460
461
462
463
464
470
471
472
478
479
480
481
484
486
487
490
493
498
499
501
504
506
509
510
511
514
517
519
520
521
523
525
526
527
529
530
531
532
535
539
540
541
542
544
545
548
549
550
552
553
554
556
560
561
564
565
566
572
573
578
579
584
590
592
593
598
600
601
603
604
607
611
616
618
623
624
625
626
627
629
630
631
632
636
637
642
643
646
647
649
651
653
656
657
658
660
663
664
665
668
671
672
674
675
676
677
683
685
689
690
691
695
696
697
699
701
704
705
706
707
709
712
713
714
715
716
717
723
725
726
728
730
731
733
735
737
738
740
741
743
746
748
751
754
755
756
758
762
765
767
768
771
772
773
775
776
777
780
781
784
788
790
791
792
795
796
798
803
805
813
814
815
816
820
822
824
835
836
838
841
843
844
845
846
848
849
851
858
859
861
862
865
866
868
870
871
874
875
878
883
884
886
891
892
894
895
897
899
901
902
903
904
905
906
907
908
910
912
914
916
917
919
924
925
927
928
932
933
934
935
937
939
941
942
943
944
945
946
948
949
950
954
955
957
964
965
966
968
969
970
972
973
975
980
981
983
984
985
986
990
995
997
999
1000
